100
200
300
400
500
600
700
800
900
1000
2000
2001
2002
2003
2004
2006
2007
2008
2009
2010
2011
3000
4000
5000
6000
7000
8000
9000
10000
12000
12001
12002
12003
12004
12006
12007
12008
12009
12010
12011
15000
20000
20001
20002
20003
20004
20005
20006
20007
20008
20009
20010
20011
20012
20013
20014
20015
20016
20017
20018
20019
20020
20021
20022
20023
20024
20025
20026
20027
20028
20029
20100
20101
20102
20103
20104
20105
20106
20107
20108
20109
20110
20111
20112
20113
20114
20115
20116
20117
20118
20119
20120
20121
20122
20123
20124
20125
20126
20127
20128
20129
20200
20201
20202
20203
20204
20205
20206
20207
20208
20209
20210
20211
20212
20213
20214
20215
20216
20217
20218
20219
20220
20221
20222
20223
20224
20225
20226
20227
20228
20229
20300
20301
20302
20303
20304
20305
20306
20307
20308
20309
20310
20311
20312
20313
20314
20315
20316
20317
20318
20319
20320
20321
20322
20323
20324
20325
20326
20327
20328
20329
20400
20401
20402
20403
20404
20405
20406
20407
20408
20409
20410
20411
20412
20413
20414
20415
20416
20417
20418
20419
20420
20421
20422
20423
20424
20425
20426
20427
20428
20429
20500
20501
20502
20503
20504
20505
20506
20507
20508
20509
20510
20511
20512
20513
20514
20515
20516
20517
20518
20519
20520
20521
20522
20523
20524
20525
20526
20527
20528
20529
20600
20601
20602
20603
20604
20605
20606
20607
20608
20609
20610
20611
20612
20613
20614
20615
20616
20617
20618
20619
20620
20621
20622
20623
20624
20625
20626
20627
20628
20629
20700
20701
20702
20703
20704
20705
20706
20707
20708
20709
20710
20711
20712
20713
20714
20715
20716
20717
20718
20719
20720
20721
20722
20723
20724
20725
20726
20727
20728
20729
20800
20801
20802
20803
20804
20805
20806
20807
20808
20809
20810
20811
20812
20813
20814
20816
20817
20818
20819
20820
20821
20822
20823
20824
20826
21000
21001
21002
21003
21004
21005
21006
21007
21008
21009
21010
21011
21012
21013
21014
21015
21016
21017
21018
21019
21020
21021
21022
21023
21024
21025
21026
21027
21100
21101
21102
21103
21104
21105
21106
21107
21108
21109
21110
21111
21112
21113
21114
21115
21116
21117
21118
21119
21120
21121
21122
21123
21124
21125
21126
21127
21200
21201
21202
21203
21204
21205
21206
21207
21208
21209
21210
21211
21212
21213
21214
21215
21216
21217
21218
21219
21220
21221
21222
21223
21224
21225
21226
21227
21300
21301
21302
21303
21304
21305
21306
21307
21308
21309
21310
21311
21312
21313
21314
21315
21316
21317
21318
21319
21320
21321
21322
21323
21324
21325
21326
21327
21400
21401
21402
21403
21404
21405
21406
21407
21408
21409
21410
21411
21412
21413
21414
21415
21416
21417
21418
21419
21420
21421
21422
21423
21424
21425
21426
21427
21500
21501
21502
21503
21504
21505
21506
21507
21508
21509
21510
21511
21512
21513
21514
21515
21516
21517
21518
21519
21520
21521
21522
21523
21524
21525
21526
21527
21600
21601
21602
21603
21604
21605
21606
21607
21608
21609
21610
21611
21612
21613
21614
21615
21616
21617
21618
21619
21620
21621
21622
21623
21624
21625
21626
21627
21700
21701
21702
21703
21704
21705
21706
21707
21708
21709
21710
21711
21712
21713
21714
21715
21716
21717
21718
21719
21720
21721
21722
21723
21724
21725
21726
21727
21800
21801
21802
21803
21804
21805
21806
21807
21808
21809
21810
21811
21812
21813
21814
21816
21817
21818
21819
21821
21822
21824
21825
21826
25000
30000
30001
30002
30003
30004
30005
30006
30007
30010
30020
30021
30022
30023
30024
30025
30026
30027
30030
30031
30032
30033
30034
30035
30036
30037
30040
30041
30042
30043
30044
30045
30046
30047
30050
30051
30052
30053
30054
30055
30056
30057
30060
30061
30062
30063
30064
30065
30066
30067
30070
30080
30090
30100
30101
30102
30103
30104
30105
30106
30107
30110
30111
30112
30113
30114
30115
30116
30117
30120
30121
30122
30123
30124
30125
30126
30127
30130
30131
30132
30133
30134
30135
30136
30137
30140
30141
30142
30143
30144
30145
30146
30147
30150
30151
30152
30153
30154
30155
30156
30157
30160
30161
30162
30163
30164
30165
30166
30167
30170
30171
30172
30173
30174
30175
30176
30177
30180
30181
30182
30183
30184
30185
30186
30187
30190
30191
30192
30193
30194
30195
30196
30197
30200
30201
30202
30203
30204
30205
30206
30207
30210
30211
30212
30213
30214
30215
30216
30217
30220
30221
30222
30223
30224
30225
30226
30227
30230
30231
30232
30233
30234
30235
30236
30237
30240
30241
30242
30243
30244
30245
30246
30247
30250
30251
30252
30253
30254
30255
30256
30257
30260
30261
30262
30263
30264
30265
30266
30267
30270
30271
30272
30273
30274
30275
30276
30277
30280
30281
30282
30283
30284
30285
30286
30287
30290
30291
30292
30293
30294
30295
30296
30297
30300
30301
30302
30303
30304
30305
30306
30307
30310
30311
30312
30313
30314
30315
30316
30317
30320
30321
30322
30323
30324
30325
30326
30327
30330
30331
30332
30333
30334
30335
30336
30337
30340
30341
30342
30343
30344
30345
30346
30347
30350
30351
30352
30353
30354
30355
30356
30357
30360
30361
30362
30363
30364
30365
30366
30367
30370
30371
30372
30373
30374
30375
30376
30377
30400
30401
30402
30403
30404
30405
30406
30407
30410
30411
30412
30413
30414
30415
30416
30417
30420
30421
30422
30423
30424
30425
30426
30427
30430
30431
30432
30433
30434
30435
30436
30437
30440
30441
30442
30443
30444
30445
30446
30447
30450
30451
30452
30453
30454
30455
30456
30457
30460
30461
30462
30463
30464
30465
30466
30467
30470
30471
30472
30473
30474
30475
30476
30477
30480
30481
30482
30483
30484
30485
30486
30487
30490
30491
30492
30493
30494
30495
30496
30497
30510
30511
30512
30513
30514
30515
30516
30517
30520
30521
30522
30523
30524
30525
30526
30527
30530
30531
30532
30533
30534
30535
30536
30537
30540
30541
30542
30543
30544
30545
30546
30547
30550
30551
30552
30553
30554
30555
30556
30557
30560
30561
30562
30563
30564
30565
30566
30567
30600
30601
30602
30603
30604
30605
30606
30607
30610
30611
30612
30613
30614
30615
30616
30617
30620
30621
30622
30623
30624
30625
30626
30627
30630
30631
30632
30633
30634
30635
30636
30637
30640
30641
30642
30643
30644
30645
30646
30647
30650
30651
30652
30653
30654
30655
30656
30657
30660
30661
30662
30663
30664
30665
30666
30667
30670
30671
30672
30673
30674
30675
30676
30677
30680
30681
30682
30683
30684
30685
30686
30687
30700
30701
30702
30703
30704
30705
30706
30707
30710
30711
30712
30713
30714
30715
30716
30717
30720
30721
30722
30723
30724
30725
30726
30727
30730
30731
30732
30733
30734
30735
30736
30737
30740
30741
30742
30743
30744
30745
30746
30747
30750
30751
30752
30753
30754
30755
30756
30757
30760
30761
30762
30763
30764
30765
30766
30767
30770
30771
30772
30773
30774
30775
30776
30777
30780
30781
30782
30783
30784
30785
30786
30787
30790
30791
30792
30793
30794
30795
30796
30797
30800
30801
30802
30803
30804
30805
30806
30807
30810
30811
30812
30813
30814
30815
30816
30817
30820
30821
30822
30823
30824
30825
30826
30827
30830
30831
30832
30833
30834
30835
30836
30837
30840
30841
30842
30843
30844
30845
30846
30847
30850
30851
30852
30853
30854
30855
30856
30857
30860
30861
30862
30863
30864
30865
30866
30867
30870
30871
30872
30873
30874
30875
30876
30877
30880
30881
30882
30883
30884
30885
30886
30887
30890
30891
30892
30893
30894
30895
30896
30897
30900
30901
30902
30903
30904
30905
30906
30907
30910
30911
30912
30913
30914
30915
30916
30917
30920
30921
30922
30923
30924
30925
30926
30927
30928
30929
30930
30931
30932
30933
30934
30935
30936
30937
30940
30941
30942
30943
30944
30945
30946
30947
30950
30951
30952
30953
30954
30955
30956
30957
30990
30991
30992
30993
30994
30995
30996
30997
31000
31001
31002
31003
31004
31005
31006
31007
31010
31011
31012
31013
31014
31015
31016
31017
31020
31021
31022
31023
31024
31025
31026
31027
31030
31031
31032
31033
31034
31035
31036
31037
31040
31041
31042
31043
31044
31045
31046
31047
31050
31051
31052
31053
31054
31055
31056
31057
31060
31061
31062
31063
31064
31065
31066
31067
31070
31071
31072
31073
31074
31075
31076
31077
31080
31081
31082
31083
31084
31085
31086
31087
31090
31091
31092
31093
31094
31095
31096
31097
31100
31101
31102
31103
31104
31105
31106
31107
31110
31111
31112
31113
31114
31115
31116
31117
31120
31121
31122
31123
31124
31125
31126
31127
31130
31131
31132
31133
31134
31135
31136
31137
31140
31141
31142
31143
31144
31145
31146
31147
31150
31151
31152
31153
31154
31155
31156
31157
31160
31161
31162
31163
31164
31165
31166
31167
31170
31171
31172
31173
31174
31175
31176
31177
31180
31181
31182
31183
31184
31185
31186
31187
31190
31191
31192
31193
31194
31195
31196
31197
31200
31201
31202
31203
31204
31205
31206
31207
31210
31211
31212
31213
31214
31215
31216
31217
31220
31221
31222
31223
31224
31225
31226
31227
31230
31231
31232
31233
31234
31235
31236
31237
31240
31241
31242
31243
31244
31245
31246
31247
31250
31251
31252
31253
31254
31255
31256
31257
31260
31261
31262
31263
31264
31265
31266
31267
31270
31271
31272
31273
31274
31275
31276
31277
31280
31281
31282
31283
31284
31285
31286
31287
31290
31291
31292
31293
31294
31295
31296
31297
31300
31301
31302
31303
31304
31305
31306
31307
31310
31311
31312
31313
31314
31315
31316
31317
31320
31321
31322
31323
31324
31325
31326
31327
31330
31331
31332
31333
31334
31335
31336
31337
31340
31341
31342
31343
31344
31345
31346
31347
31350
31351
31352
31353
31354
31355
31356
31357
31400
31401
31402
31403
31404
31405
31406
31407
31410
31411
31412
31413
31414
31415
31416
31417
31420
31421
31422
31423
31424
31425
31426
31427
31430
31431
31432
31433
31434
31435
31436
31437
31440
31441
31442
31443
31444
31445
31446
31447
31450
31451
31452
31453
31454
31455
31456
31457
31460
31461
31462
31463
31464
31465
31466
31467
31470
31471
31472
31473
31474
31475
31476
31477
31480
31481
31482
31483
31484
31485
31486
31487
31490
31491
31492
31493
31494
31495
31496
31497
31510
31511
31512
31513
31514
31515
31516
31517
31520
31521
31522
31523
31524
31525
31526
31527
31530
31531
31532
31533
31534
31535
31536
31537
31540
31541
31542
31543
31544
31545
31546
31547
31550
31551
31552
31553
31554
31555
31556
31557
31560
31561
31562
31563
31564
31565
31566
31567
31610
31611
31612
31613
31614
31615
31616
31617
31620
31621
31622
31623
31624
31625
31626
31627
31630
31631
31632
31633
31634
31635
31636
31637
31640
31641
31642
31643
31644
31645
31646
31647
31650
31651
31652
31653
31654
31655
31656
31657
31660
31661
31662
31663
31664
31665
31666
31667
31670
31671
31672
31673
31674
31675
31676
31677
31680
31681
31682
31683
31684
31685
31686
31687
31690
31691
31692
31693
31694
31695
31696
31697
31700
31701
31702
31703
31704
31705
31706
31707
31710
31711
31712
31713
31714
31715
31716
31717
31720
31721
31722
31723
31724
31725
31726
31727
31730
31731
31732
31733
31734
31735
31736
31737
31740
31741
31742
31743
31744
31745
31746
31747
31750
31751
31752
31753
31754
31755
31756
31757
31760
31761
31762
31763
31764
31765
31766
31767
31770
31771
31772
31773
31774
31775
31776
31777
31780
31781
31782
31783
31784
31785
31786
31787
31790
31791
31792
31793
31794
31795
31796
31797
31800
31801
31802
31803
31804
31805
31806
31807
31810
31811
31812
31813
31814
31815
31816
31817
31820
31821
31822
31823
31824
31825
31826
31827
31830
31831
31832
31833
31834
31835
31836
31837
31840
31841
31842
31843
31844
31845
31846
31847
31850
31851
31852
31853
31854
31855
31856
31857
31860
31861
31862
31863
31864
31865
31866
31867
31870
31871
31872
31873
31874
31875
31876
31877
31880
31881
31882
31883
31884
31885
31886
31887
31890
31891
31892
31893
31894
31895
31896
31897
31910
31911
31912
31913
31914
31915
31916
31917
31920
31921
31922
31923
31924
31925
31926
31927
31930
31931
31932
31933
31934
31935
31936
31937
31940
31941
31942
31943
31944
31945
31946
31947
31950
31951
31952
31953
31954
31955
31956
31957
33000
33001
33002
33003
33004
33005
33006
33007
33030
33031
33032
33033
33034
33035
33036
33037
33040
33041
33042
33043
33044
33045
33046
33047
33050
33051
33052
33053
33054
33055
33056
33057
34000
34001
34002
34003
34004
34005
34006
34007
34010
34011
34012
34013
34014
34015
34016
34017
34040
34041
34042
34043
34044
34045
34046
34047
34050
34051
34052
34053
34054
34055
34056
34057
34060
34061
34062
34063
34064
34065
34066
34067
35000
40000
45000
50000
55000
60000
65000
70000
75000
80000
85000
90000
95000
100000
1000000
1000001
1000002
1000003
1000004
1000005
1000006
1000007
1000008
1000009
1000010
1000011
1000012
1000013
1000014
1000015
1000016
1000017
1000018
1000019
1000020
1000021
1000022
1000023
1000024
1000025
1000026
1000027
1000028
1000029
1000030
1000031
1000032
1000035
1000036
1000037
1000038
1001000
1001001
1001002
1001003
1001004
1001005
1001006
1001007
1001008
1001009
1001010
1001011
1001012
1001013
1001014
1001015
1001016
1001017
1001018
1001019
1001020
1001021
1001022
1001023
1001024
1001025
1001026
1001027
1001028
1001029
1001030
1001031
1001032
1001033
1001034
1001035
1001036
1001037
1001038
1001039
1001040
1001041
1001042
1001043
1001044
1001045
1001046
1001047
1001048
1001049
1001055
1001056
1001057
1001058
1002000
1002001
1002002
1002003
1002004
1002005
1002006
1002007
1002008
1002009
1002010
1002011
1002012
1002013
1002014
1002015
1002016
1002017
1002018
1002019
1002020
1002021
1002022
1002023
1002024
1002025
1002026
1002027
1002028
1002029
1002030
1002031
1002032
1002033
1002034
1002035
1002036
1002037
1002038
1002039
1002040
1002041
1002042
1002043
1002044
1002045
1002046
1002047
1002048
1002049
1002050
1002051
1002052
1002053
1002054
1002055
1002056
1002057
1002058
1002059
1002060
1002061
1002062
1002063
1002064
1002065
1002066
1002067
1002068
1002069
1002070
1002071
1002072
1002073
1002074
1002075
1002076
1002077
1002078
1002079
1002080
1002081
1002082
1002083
1002084
1002085
1002086
1002087
1002088
1002089
1002090
1002091
1002092
1002093
1002094
1002095
1002096
1002097
1002098
1002099
1002100
1002101
1002102
1002103
1002104
1002105
1002106
1002107
1002108
1002109
1002110
1002111
1002112
1002113
1002114
1002115
1002116
1002117
1002118
1002119
1002120
1002121
1002122
1002123
1002124
1002125
1002126
1002127
1002128
1002129
1002130
1002131
1002132
1002133
1002134
1002135
1002136
1002137
1002138
1002139
1002140
1002141
1002142
1002143
1002144
1002145
1002146
1002147
1002148
1002149
1002150
1002151
1002152
1002153
1002154
1002155
1002156
1002157
1002158
1002159
1002160
1002161
1002162
1002163
1002164
1002165
1002166
1002167
1002168
1002169
1002170
1002171
1002172
1002173
1002174
1002175
1002176
1002177
1002178
1002179
1002180
1002181
1002182
1002183
1002184
1002185
1002186
1002187
1002188
1002189
1002190
1002191
1002192
1002193
1002194
1002195
1002196
1002197
1002198
1002199
1002200
1002201
1002202
1002203
1002204
1002205
1002206
1002207
1002208
1002209
1002210
1002211
1002212
1002213
1002214
1002215
1002216
1002217
1002218
1002219
1002220
1002221
1002222
1002223
1002224
1002225
1002226
1002227
1002228
1002229
1002230
1002231
1002232
1002233
1002234
1002235
1002236
1002237
1002238
1002239
1002240
1002241
1002242
1002243
1002244
1002245
1002246
1002247
1002248
1002249
1002250
1002251
1002252
1002253
1002254
1002255
1002256
1002257
1002258
1002259
1002260
1002261
1002262
1002263
1002264
1002265
1002266
1002267
1002268
1002269
1002270
1002271
1002272
1002273
1002274
1002275
1002276
1002277
1002278
1002279
1002280
1002281
1002282
1002283
1002284
1002285
1002286
1002287
1002288
1002289
1002290
1002291
1002292
1002293
1002294
1002295
1002296
1002297
1002298
1002299
1002300
1002301
1002302
1002303
1002304
1002305
1002306
1002307
1002308
1002309
1002310
1002311
1002312
1002313
1002314
1002315
1002316
1002317
1002318
1002319
1002320
1002321
1002322
1002323
1002324
1002325
1002326
1002327
1002328
1002329
1002330
1002331
1002332
1002333
1002334
1002335
1002336
1002337
1002338
1002339
1002340
1002341
1002342
1002343
1002344
1002345
1002346
1002347
1002348
1002349
1002350
1002351
1002352
1002353
1002354
1002355
1002356
1002357
1002358
1002359
1002360
1002361
1002362
1002363
1002364
1002365
1002366
1002367
1002368
1002369
1002370
1002371
1002372
1002373
1002374
1002375
1002376
1002377
1002378
1002379
1002380
1002381
1002382
1002383
1002384
1002385
1002386
1002387
1002388
1002389
1002390
1002391
1002392
1002393
1002394
1002395
1002396
1002397
1002398
1002399
1002400
1002401
1002402
1002403
1002404
1002405
1002406
1002407
1002408
1002409
1002410
1002411
1002412
1002413
1002414
1002415
1002416
1002417
1002418
1002419
1002420
1002421
1002422
1002423
1002424
1002425
1002426
1002427
1002428
1002429
1002430
1002431
1002432
1002433
1002434
1002435
1002436
1002437
1002438
1002439
1002440
1002441
1002442
1002443
1002444
1002445
1002446
1002447
1002448
1002449
1002450
1002451
1002452
1002453
1002454
1002455
1002456
1002457
1002458
1002459
1002460
1002461
1002462
1002463
1002464
1002465
1002466
1002467
1002468
1002469
1002470
1002471
1002476
1002477
1002478
1002479
1002480
1002481
1002482
1002483
1002484
1002485
1002486
1002487
1002488
1002491
1002492
1002493
1002495
1002496
1002497
1002498
1002499
1002500
1002501
1002502
1002503
1002504
1002505
1002506
1002507
1002508
1002509
1002510
1002511
1002512
1002513
1002517
1002519
1002520
1002521
1002522
1002523
1002524
1002525
1002526
1002528
1002529
1002530
1002531
1002532
1002534
1002536
1002543
1002544
1002547
1002550
1002551
1002552
1002554
1002555
1002556
1002557
1002558
1002559
1002560
1002562
1002566
1002568
1002569
1002571
1002572
1002573
1002574
1002575
1002576
1002583
1002585
1002586
1002587
1002589
1002590
1002591
1002592
1002597
1002598
1002599
1002605
1002607
1002608
1002609
1002610
1002613
1002616
1002619
1002622
1002625
1002628
1002631
1002634
1002637
1002640
1002643
1002646
1002649
1002650
1002653
1002654
1002656
1002660
1002661
1002662
1002663
1002665
1002666
1002667
1002672
1002673
1002674
1002677
1002678
1002679
1002691
1002692
1002693
1002694
1002695
1002696
1002697
1002698
1002699
1002700
1002701
1002703
1002704
1002705
1002706
1002707
1002708
1002709
1002710
1002711
1002712
1002713
1002714
1002715
1002720
1002721
1002722
1002723
1002724
1002725
1002726
1002727
1002728
1002734
1002735
1002736
1002737
1002738
1002743
1002747
1002748
1002753
1002754
1002755
1002756
1002758
1002760
1002761
1002762
1002763
1002764
1002765
1002766
1002770
1002771
1002773
1002774
1002776
1002777
1002778
1002779
1002780
1002784
1002785
1002788
1002789
1002790
1002791
1002792
1002793
1002794
1002796
1002797
1002798
1002799
1002800
1002801
1002803
1002804
1002807
1002808
1002812
1002813
1002820
1002821
1002822
1002823
1002824
1002825
1002826
1002827
1002828
1002829
1002830
1002831
1002832
1002833
1002834
1002835
1002836
1002837
1002839
1002840
1002841
1002842
1002845
1002846
1002847
1002848
1002849
1002850
1002851
1002858
1002859
1002860
1002861
1002862
1002863
1002867
1002869
1002870
1002876
1002877
1002878
1002879
1002882
1002888
1002890
1002894
1002895
1002896
1002897
1002898
1002899
1002900
1002901
1002902
1002903
1002905
1002906
1002907
1002912
1002913
1002914
1002915
1002916
1002917
1002919
1002920
1002921
1002922
1002923
1002924
1002925
1002926
1002927
1002928
1002929
1002930
1002938
1002939
1002943
1002944
1002945
1002950
1002951
1002952
1002953
1002954
1002955
1002957
1002962
1002968
1002969
1002970
1002971
1002975
1002978
1002979
1002980
1002981
1002984
1002985
1002986
1002990
1002991
1002992
1002993
1002994
1002995
1002998
1003001
1003005
1003006
1003008
1003009
1003010
1003011
1003012
1003013
1003014
1003015
1003031
1003032
1003033
1003034
1003035
1003036
1003038
1003043
1003044
1003047
1003048
1003049
1003051
1003052
1003053
1003059
1010000
1010001
1010002
1010003
1010004
1010005
1010006
1011000
1011001
1011002
1011003
1012000
1012001
1012002
1012003
1012004
1012005
1012006
1012007
1012008
1012009
1012010
1012011
1012012
1012013
1012014
1012015
1012016
1012017
1012018
1012019
1012020
1012021
1012022
1012023
1012024
1012025
1012026
1012027
1012028
1012029
1012030
1012031
1012032
1012033
1012034
1012035
1012036
1012037
1012038
1012039
1012040
1012044
1012047
1012048
1012049
1012050
1012051
1012052
1012053
1012054
1012055
1012056
1012057
1012058
1012059
1012060
1012061
1012062
1012063
1012070
1012071
1012072
1012073
1012074
1012075
1012076
1012077
1012078
1012079
1012080
1012081
1012082
1012083
1012084
1012085
1012086
1012087
1012088
1012096
1012097
1012098
1012099
1012100
1012101
1012102
1012103
1012104
1012105
1012114
1012131
1012132
1012134
1012137
1012139
1012140
1012141
1012146
1012147
1012157
1012160
1012165
1012179
1020000
1021000
1022000
1022001
1022002
1022003
1022004
1022005
1022006
1022007
1022008
1022009
1022010
1022011
1022012
1022013
1022014
1022015
1022016
1022017
1022018
1022019
1022020
1022021
1022022
1022023
1022024
1022025
1022026
1022027
1022028
1022029
1022030
1022031
1022032
1022033
1022034
1022035
1022036
1022037
1022038
1022039
1022040
1022041
1022042
1022043
1022044
1022045
1022046
1022047
1022048
1022049
1022050
1022051
1022052
1022053
1022054
1022055
1022056
1022057
1022058
1022059
1022060
1022061
1022062
1022063
1022064
1022065
1022066
1022068
1022069
1022070
1022071
1022072
1022073
1022074
1022075
1022078
1022079
1022083
1022084
1022088
1022089
1022095
1032000
1032001
1032002
1032003
1032004
1032005
1032006
1032007
1032008
1032009
1032010
1032011
1032012
1032013
1032014
1032015
1032016
1032017
1032018
1032019
1032020
1032021
1032022
1032023
1032024
1032025
1032026
1032027
1032028
1032029
1032030
1032031
1032032
1032033
1032034
1032035
1032036
1032038
1032039
1032040
1032041
1032042
1032047
1032051
1032052
1032053
1032054
1032055
1032056
1032057
1032058
1032059
1032060
1032061
1032063
1032073
1032074
1032088
1040000
1040001
1040002
1040003
1040004
1040005
1040006
1040007
1040008
1040009
1040010
1040011
1040012
1040013
1040014
1040015
1040016
1040017
1040018
1040019
1040020
1040021
1040022
1040023
1040024
1040025
1040026
1040027
1040028
1040029
1040030
1040031
1040032
1040033
1040034
1040035
1040036
1040037
1040038
1040039
1040040
1040041
1040042
1040043
1040044
1040045
1040046
1040047
1040048
1040049
1040050
1040051
1040052
1040053
1040054
1040055
1040056
1040057
1040058
1040059
1040060
1040061
1040062
1040063
1040064
1040065
1040066
1040067
1040068
1040069
1040070
1040071
1040072
1040073
1040074
1040075
1040076
1040077
1040078
1040079
1040080
1040081
1040082
1040083
1040084
1040085
1040086
1040087
1040088
1040089
1040090
1040091
1040092
1040093
1040094
1040095
1040096
1040097
1040098
1040099
1040100
1040101
1040102
1040103
1040104
1040105
1040106
1040107
1040108
1040109
1040110
1040111
1040112
1040113
1040114
1040115
1040116
1040117
1040118
1040119
1040120
1040121
1040122
1040123
1040124
1040125
1040126
1040127
1040128
1040129
1040130
1040131
1040132
1040133
1040134
1040135
1040137
1040138
1040139
1040140
1040141
1040144
1040145
1040146
1040147
1041000
1041001
1041002
1041003
1041004
1041005
1041006
1041007
1041008
1041009
1041010
1041011
1041012
1041013
1041014
1041015
1041016
1041017
1041018
1041019
1041020
1041021
1041022
1041023
1041024
1041025
1041026
1041027
1041028
1041029
1041030
1041031
1041032
1041033
1041034
1041035
1041036
1041037
1041038
1041039
1041040
1041041
1041042
1041043
1041044
1041045
1041046
1041047
1041048
1041049
1041050
1041051
1041052
1041053
1041054
1041055
1041056
1041057
1041058
1041059
1041060
1041061
1041062
1041063
1041064
1041065
1041066
1041067
1041068
1041069
1041070
1041071
1041072
1041073
1041074
1041075
1041076
1041077
1041078
1041079
1041080
1041081
1041082
1041083
1041084
1041085
1041086
1041087
1041088
1041089
1041090
1041091
1041092
1041093
1041094
1041095
1041096
1041097
1041098
1041099
1041100
1041101
1041102
1041103
1041104
1041105
1041106
1041107
1041108
1041109
1041110
1041111
1041112
1041113
1041114
1041115
1041116
1041117
1041118
1041119
1041120
1041121
1041122
1041123
1041124
1041125
1041126
1041127
1041128
1041129
1041130
1041131
1041132
1041133
1041134
1041135
1041136
1041137
1041138
1041139
1041140
1041142
1041143
1041144
1041147
1041148
1041149
1041150
1042000
1042001
1042002
1042003
1042004
1042005
1042006
1042007
1042008
1042009
1042010
1042011
1042012
1042013
1042014
1042015
1042016
1042017
1042018
1042019
1042020
1042021
1042022
1042023
1042024
1042025
1042026
1042027
1042028
1042029
1042030
1042031
1042032
1042033
1042034
1042035
1042036
1042037
1042038
1042039
1042040
1042041
1042042
1042043
1042044
1042045
1042046
1042047
1042048
1042049
1042050
1042051
1042052
1042053
1042054
1042055
1042056
1042057
1042058
1042059
1042060
1042061
1042062
1042063
1042066
1042067
1042068
1042069
1042070
1042071
1042072
1042073
1042074
1042075
1042076
1042077
1042078
1042080
1042081
1042082
1042083
1042084
1042085
1042086
1042087
1042088
1042089
1042090
1042091
1042092
1042093
1042094
1042095
1042096
1042097
1042098
1042099
1042100
1042101
1042102
1042103
1042104
1042105
1042106
1042107
1042108
1042109
1042110
1042116
1042117
1042118
1042119
1042120
1042121
1042122
1042125
1042126
1042127
1042128
1042129
1042130
1042131
1042132
1042133
1042134
1042135
1042136
1042137
1042138
1042140
1042141
1042142
1042143
1042144
1042145
1042146
1042147
1042149
1042150
1042151
1042152
1042153
1042154
1042155
1042156
1042157
1042158
1042159
1042160
1042161
1042162
1042163
1042164
1042165
1042166
1042167
1042168
1042169
1042170
1042172
1042173
1042174
1042176
1042177
1042178
1042181
1048000
1049000
1050000
1050001
1050002
1050003
1050004
1050005
1050006
1050007
1050008
1050009
1050010
1050011
1050012
1050013
1050014
1050015
1050016
1050017
1050018
1050019
1050020
1050021
1050022
1050023
1050024
1050025
1050026
1050027
1050028
1050029
1050030
1050031
1050032
1050033
1050034
1050035
1050036
1050037
1050038
1050039
1050040
1050041
1050042
1050043
1050044
1050045
1050046
1050047
1050048
1050049
1050050
1050051
1050052
1050053
1050054
1050055
1050056
1050057
1050058
1050059
1050060
1050061
1050062
1050063
1050064
1050065
1050066
1050067
1050068
1050069
1050070
1050071
1050072
1050073
1050074
1050075
1050076
1050077
1050078
1050079
1050080
1050081
1050082
1050083
1050084
1050085
1050086
1050087
1050088
1050089
1050090
1050091
1050092
1050093
1050094
1050095
1050096
1050097
1050098
1050099
1050100
1050101
1050102
1050103
1050104
1050105
1050106
1050107
1050108
1050109
1050110
1050111
1050112
1050113
1050114
1050115
1050116
1050117
1050118
1050119
1050120
1050121
1050122
1050123
1050124
1050125
1050126
1050127
1050128
1050129
1050131
1050132
1050133
1050134
1050135
1050136
1050137
1050138
1050139
1050141
1050142
1050143
1050146
1050147
1050148
1050149
1050150
1050151
1050152
1050154
1050155
1050156
1051000
1051001
1051002
1051003
1051004
1051005
1051006
1051007
1051008
1051009
1051010
1051011
1051012
1051013
1051014
1051015
1051016
1051017
1051018
1051019
1051020
1051021
1051022
1051023
1051024
1051025
1051026
1051027
1051028
1051029
1051030
1051031
1051032
1051033
1051034
1051035
1051036
1051037
1051038
1051039
1051040
1051041
1051042
1051043
1051044
1051045
1051046
1051047
1051048
1051049
1051050
1051051
1051052
1051053
1051054
1051055
1051056
1051057
1051058
1051059
1051060
1051061
1051062
1051063
1051064
1051065
1051066
1051067
1051068
1051069
1051070
1051071
1051072
1051073
1051074
1051075
1051076
1051077
1051078
1051079
1051080
1051081
1051082
1051083
1051084
1051085
1051086
1051087
1051088
1051089
1051090
1051091
1051092
1051093
1051094
1051095
1051096
1051097
1051098
1051099
1051100
1051101
1051102
1051103
1051104
1051105
1051106
1051107
1051108
1051109
1051110
1051111
1051112
1051113
1051114
1051115
1051116
1051117
1051118
1051119
1051120
1051121
1051122
1051123
1051124
1051125
1051126
1051127
1051128
1051129
1051130
1051131
1051132
1051133
1051134
1051135
1051136
1051137
1051138
1051139
1051140
1051141
1051142
1051143
1051144
1051145
1051146
1051147
1051149
1051150
1051151
1051152
1051153
1051154
1051155
1051156
1051157
1051158
1051159
1051160
1051162
1051163
1051164
1051166
1051167
1051170
1051171
1051172
1051173
1051175
1051176
1051177
1051178
1051179
1051180
1051183
1051188
1051189
1051190
1051191
1051192
1051193
1052000
1052001
1052002
1052003
1052004
1052005
1052006
1052007
1052008
1052009
1052010
1052011
1052012
1052013
1052014
1052015
1052016
1052017
1052018
1052019
1052020
1052021
1052022
1052023
1052024
1052025
1052026
1052027
1052028
1052029
1052030
1052031
1052032
1052033
1052034
1052035
1052036
1052037
1052038
1052039
1052040
1052041
1052042
1052043
1052044
1052045
1052046
1052047
1052048
1052049
1052050
1052051
1052052
1052053
1052055
1052056
1052057
1052058
1052059
1052060
1052061
1052062
1052067
1052068
1052071
1052072
1052073
1052074
1052075
1052076
1052077
1052078
1052081
1052082
1052083
1052084
1052085
1052086
1052087
1052089
1052090
1052091
1052092
1052093
1052094
1052095
1052098
1052101
1052104
1052107
1052110
1052113
1052116
1052119
1052122
1052125
1052128
1052131
1052134
1052135
1052137
1052142
1052143
1052144
1052145
1052147
1052151
1052152
1052153
1052154
1052155
1052156
1052157
1052158
1052159
1052160
1052161
1052162
1052163
1052164
1052165
1052166
1052167
1052168
1052169
1052170
1052171
1052172
1052173
1052175
1052176
1052177
1052178
1052179
1052180
1052182
1052183
1052186
1052194
1052195
1052196
1052197
1052198
1052199
1052200
1052202
1052203
1052208
1052209
1052210
1052213
1052214
1052216
1052218
1052224
1052228
1052229
1052231
1052232
1052234
1060000
1060001
1060002
1060003
1060004
1060005
1060006
1060007
1060008
1060009
1060010
1060011
1060012
1060013
1060014
1060015
1060016
1060017
1060018
1060019
1060020
1060021
1060022
1060023
1060024
1060025
1060026
1060027
1060028
1060029
1060030
1060031
1060032
1060033
1060034
1060035
1060036
1060037
1060038
1060039
1060040
1060041
1060042
1060043
1060044
1060045
1060046
1060047
1060048
1060049
1060050
1060051
1060052
1060053
1060054
1060055
1060056
1060057
1060058
1060059
1060060
1060061
1060062
1060063
1060064
1060065
1060066
1060067
1060068
1060069
1060070
1060071
1060072
1060073
1060074
1060075
1060076
1060077
1060078
1060079
1060080
1060081
1060082
1060083
1060084
1060085
1060086
1060087
1060088
1060089
1060090
1060091
1060092
1060093
1060094
1060095
1060096
1060097
1060098
1060099
1060100
1060101
1060102
1060103
1060104
1060105
1060106
1060107
1060108
1060109
1060110
1060111
1060112
1060113
1060114
1060116
1060117
1060118
1060119
1060120
1060121
1060122
1060123
1060126
1060134
1060135
1060136
1061000
1061001
1061002
1061003
1061004
1061005
1061006
1061007
1061008
1061009
1061010
1061011
1061012
1061013
1061014
1061015
1061016
1061017
1061018
1061019
1061020
1061021
1061022
1061023
1061024
1061025
1061026
1061027
1061028
1061029
1061030
1061031
1061032
1061033
1061034
1061035
1061036
1061037
1061038
1061039
1061040
1061041
1061042
1061043
1061044
1061045
1061046
1061047
1061048
1061049
1061050
1061051
1061052
1061053
1061054
1061055
1061056
1061057
1061058
1061059
1061060
1061061
1061062
1061063
1061064
1061065
1061066
1061067
1061068
1061069
1061070
1061071
1061072
1061073
1061074
1061075
1061076
1061077
1061078
1061079
1061080
1061081
1061082
1061083
1061084
1061085
1061086
1061087
1061088
1061089
1061090
1061091
1061092
1061093
1061094
1061095
1061096
1061097
1061098
1061099
1061100
1061101
1061102
1061103
1061104
1061105
1061106
1061107
1061108
1061109
1061110
1061111
1061112
1061113
1061114
1061115
1061116
1061117
1061118
1061119
1061120
1061121
1061122
1061123
1061124
1061126
1061127
1061128
1061129
1061130
1061131
1061132
1061133
1061134
1061135
1061136
1061137
1061138
1061139
1061140
1061141
1061142
1061144
1061145
1061148
1061156
1061157
1061158
1062000
1062001
1062002
1062003
1062004
1062005
1062006
1062007
1062008
1062009
1062010
1062011
1062012
1062013
1062014
1062015
1062016
1062017
1062018
1062019
1062020
1062021
1062022
1062023
1062024
1062025
1062026
1062027
1062028
1062029
1062030
1062031
1062032
1062033
1062034
1062035
1062038
1062039
1062040
1062041
1062042
1062043
1062044
1062045
1062046
1062047
1062048
1062051
1062052
1062053
1062054
1062055
1062056
1062057
1062058
1062059
1062060
1062061
1062062
1062063
1062064
1062065
1062066
1062067
1062068
1062069
1062070
1062071
1062072
1062073
1062074
1062075
1062076
1062077
1062080
1062081
1062082
1062083
1062084
1062085
1062086
1062087
1062088
1062089
1062091
1062092
1062093
1062094
1062095
1062096
1062097
1062098
1062100
1062101
1062102
1062103
1062104
1062105
1062106
1062107
1062108
1062109
1062110
1062111
1062112
1062113
1062114
1062115
1062116
1062118
1062119
1070000
1070001
1070002
1070003
1070004
1070005
1070006
1070007
1070008
1070009
1070011
1070016
1071000
1071001
1071002
1071003
1071004
1071005
1071006
1071007
1071008
1071009
1071010
1071011
1071012
1071013
1071014
1071015
1071016
1071017
1071018
1071019
1071020
1071021
1071026
1072000
1072001
1072002
1072003
1072004
1072005
1072006
1072007
1072008
1072009
1072010
1072011
1072012
1072013
1072014
1072015
1072016
1072017
1072018
1072019
1072020
1072021
1072022
1072023
1072024
1072025
1072026
1072027
1072028
1072029
1072030
1072031
1072032
1072033
1072034
1072035
1072036
1072037
1072038
1072039
1072040
1072041
1072042
1072043
1072044
1072045
1072046
1072047
1072048
1072049
1072050
1072051
1072052
1072053
1072054
1072055
1072056
1072057
1072058
1072059
1072060
1072061
1072062
1072063
1072064
1072065
1072066
1072067
1072068
1072069
1072070
1072071
1072072
1072073
1072074
1072075
1072076
1072077
1072078
1072079
1072080
1072081
1072082
1072083
1072084
1072085
1072086
1072087
1072088
1072089
1072090
1072091
1072092
1072093
1072094
1072095
1072096
1072097
1072098
1072099
1072100
1072101
1072102
1072103
1072104
1072105
1072106
1072107
1072108
1072109
1072110
1072111
1072112
1072113
1072114
1072115
1072116
1072117
1072118
1072119
1072120
1072121
1072122
1072123
1072124
1072125
1072126
1072127
1072128
1072129
1072130
1072131
1072132
1072133
1072134
1072135
1072136
1072137
1072138
1072139
1072140
1072141
1072142
1072143
1072144
1072145
1072146
1072147
1072148
1072149
1072150
1072151
1072152
1072153
1072154
1072155
1072156
1072157
1072158
1072159
1072160
1072161
1072162
1072163
1072164
1072165
1072166
1072167
1072168
1072169
1072170
1072171
1072172
1072173
1072174
1072175
1072176
1072177
1072178
1072179
1072180
1072181
1072182
1072183
1072184
1072185
1072186
1072187
1072188
1072189
1072190
1072191
1072192
1072193
1072194
1072195
1072196
1072197
1072198
1072199
1072200
1072201
1072202
1072203
1072204
1072205
1072206
1072207
1072208
1072209
1072210
1072211
1072212
1072213
1072214
1072215
1072216
1072217
1072218
1072219
1072220
1072221
1072222
1072223
1072224
1072225
1072226
1072227
1072228
1072229
1072230
1072231
1072232
1072233
1072234
1072235
1072236
1072237
1072238
1072239
1072240
1072241
1072242
1072243
1072244
1072245
1072246
1072247
1072250
1072251
1072252
1072253
1072256
1072257
1072258
1072259
1072260
1072262
1072263
1072264
1072265
1072266
1072267
1072268
1072269
1072272
1072273
1072274
1072275
1072276
1072278
1072279
1072280
1072281
1072282
1072283
1072284
1072285
1072288
1072291
1072294
1072297
1072300
1072303
1072306
1072309
1072312
1072315
1072318
1072321
1072322
1072323
1072324
1072325
1072326
1072327
1072328
1072329
1072330
1072331
1072332
1072333
1072334
1072335
1072336
1072337
1072338
1072341
1072347
1072348
1072349
1072350
1072351
1072352
1072353
1072354
1072355
1072356
1072357
1072358
1072359
1072360
1072361
1072362
1072363
1072364
1072365
1072366
1072367
1072368
1072369
1072370
1072371
1072373
1072374
1072375
1072376
1072377
1072379
1072381
1072382
1072383
1072384
1072385
1072386
1072387
1072392
1072394
1072395
1072399
1072400
1072401
1072402
1072403
1072404
1072406
1072407
1072408
1072417
1072419
1072420
1072421
1072422
1072423
1072426
1072433
1080000
1080001
1081000
1081001
1081002
1081003
1081004
1082000
1082001
1082002
1082003
1082004
1082005
1082006
1082007
1082008
1082009
1082010
1082011
1082012
1082013
1082014
1082015
1082016
1082017
1082018
1082019
1082020
1082021
1082022
1082023
1082024
1082025
1082026
1082027
1082028
1082029
1082030
1082031
1082032
1082033
1082034
1082035
1082036
1082037
1082038
1082039
1082040
1082041
1082042
1082043
1082044
1082045
1082046
1082047
1082048
1082049
1082050
1082051
1082052
1082053
1082054
1082055
1082056
1082057
1082058
1082059
1082060
1082061
1082062
1082063
1082064
1082065
1082066
1082067
1082068
1082069
1082070
1082071
1082072
1082073
1082074
1082075
1082076
1082077
1082078
1082079
1082080
1082081
1082082
1082083
1082084
1082085
1082086
1082087
1082088
1082089
1082090
1082091
1082092
1082093
1082094
1082095
1082096
1082097
1082098
1082099
1082100
1082101
1082102
1082103
1082104
1082105
1082106
1082107
1082108
1082109
1082110
1082111
1082112
1082113
1082114
1082115
1082116
1082117
1082118
1082119
1082120
1082121
1082122
1082123
1082124
1082125
1082126
1082127
1082128
1082129
1082130
1082131
1082132
1082133
1082134
1082135
1082136
1082137
1082138
1082139
1082140
1082141
1082142
1082143
1082144
1082145
1082146
1082147
1082148
1082149
1082150
1082151
1082152
1082153
1082154
1082155
1082156
1082157
1082158
1082159
1082160
1082161
1082162
1082163
1082164
1082167
1082168
1082169
1082170
1082171
1082172
1082173
1082175
1082176
1082177
1082178
1082179
1082180
1082183
1082186
1082189
1082192
1082195
1082198
1082201
1082204
1082207
1082210
1082213
1082216
1082222
1082224
1082225
1082227
1082229
1082231
1082232
1082233
1082234
1082235
1082236
1082237
1082238
1082239
1082240
1082241
1082242
1082243
1082244
1082245
1082246
1082247
1082248
1082249
1082250
1082251
1082252
1082254
1082255
1082256
1082257
1082258
1082259
1082260
1090000
1091000
1092000
1092001
1092002
1092003
1092004
1092005
1092006
1092007
1092008
1092009
1092010
1092011
1092012
1092013
1092014
1092015
1092016
1092017
1092018
1092019
1092020
1092021
1092022
1092023
1092024
1092025
1092026
1092027
1092028
1092029
1092030
1092031
1092032
1092033
1092034
1092035
1092036
1092037
1092038
1092039
1092040
1092041
1092042
1092044
1092045
1092046
1092047
1092049
1092050
1092051
1092053
1092054
1092056
1092057
1092058
1092059
1092060
1092061
1092062
1092063
1092064
1102000
1102001
1102002
1102003
1102004
1102005
1102006
1102007
1102008
1102009
1102010
1102011
1102012
1102013
1102014
1102015
1102016
1102017
1102018
1102019
1102020
1102021
1102022
1102023
1102024
1102025
1102026
1102027
1102028
1102029
1102030
1102031
1102032
1102033
1102034
1102035
1102036
1102037
1102038
1102039
1102040
1102041
1102042
1102043
1102044
1102045
1102046
1102047
1102048
1102049
1102050
1102051
1102052
1102053
1102054
1102055
1102056
1102057
1102058
1102059
1102060
1102061
1102062
1102063
1102064
1102065
1102066
1102067
1102068
1102069
1102070
1102071
1102072
1102073
1102074
1102075
1102076
1102077
1102079
1102081
1102082
1102084
1102085
1102086
1102089
1102091
1102092
1102093
1102094
1102095
1102096
1102097
1102098
1102107
1102108
1102109
1102110
1102111
1102112
1102135
1102136
1102137
1102138
1102139
1102140
1102141
1102142
1102143
1102144
1102147
1102148
1102149
1102150
1102151
1102152
1102153
1102154
1102155
1102156
1102157
1102158
1102159
1102160
1102163
1102164
1102166
1102167
1102168
1102169
1102172
1102174
1102175
1102184
1102185
1102186
1102187
1102196
1102197
1102199
1102202
1102203
1102204
1102206
1102207
1102208
1102211
1102212
1102213
1102214
1102215
1102216
1102218
1102220
1102222
1102223
1102224
1102225
1102229
1102230
1102232
1102233
1112000
1112001
1112002
1112003
1112005
1112006
1112007
1112012
1112100
1112101
1112102
1112103
1112104
1112105
1112106
1112107
1112108
1112109
1112110
1112111
1112112
1112113
1112114
1112116
1112117
1112118
1112119
1112120
1112121
1112122
1112123
1112124
1112125
1112126
1112200
1112201
1112202
1112203
1112204
1112205
1112206
1112207
1112208
1112209
1112210
1112211
1112212
1112213
1112214
1112215
1112216
1112217
1112218
1112219
1112220
1112221
1112222
1112223
1112224
1112225
1112226
1112227
1112228
1112229
1112230
1112231
1112232
1112233
1112234
1112235
1112236
1112300
1112301
1112302
1112303
1112304
1112305
1112306
1112307
1112308
1112309
1112310
1112311
1112312
1112400
1112401
1112402
1112403
1112404
1112405
1112421
1112422
1112423
1112424
1112425
1112426
1112500
1112800
1112801
1112802
1112803
1112804
1112806
1112807
1112810
1112811
1112900
1112901
1112902
1112903
1112904
1112905
1112906
1112907
1112908
1112916
1122000
1122001
1122002
1122003
1122004
1122005
1122006
1122007
1122009
1122010
1122011
1122012
1122013
1122015
1122017
1122018
1122019
1122020
1122021
1122022
1122023
1122024
1122025
1122026
1122027
1122028
1122029
1122030
1122031
1122032
1122033
1122034
1122035
1122036
1122037
1122038
1122058
1132000
1132001
1132002
1132003
1132004
1132005
1132006
1132007
1132008
1132009
1132010
1132011
1132012
1132013
1140000
1140001
1140002
1141000
1141001
1141002
1142000
1142001
1142002
1142003
1142004
1142005
1142006
1142007
1142008
1142009
1142010
1142011
1142012
1142013
1142014
1142015
1142016
1142017
1142018
1142019
1142020
1142021
1142022
1142023
1142024
1142025
1142026
1142027
1142028
1142029
1142030
1142031
1142032
1142033
1142034
1142035
1142036
1142037
1142038
1142039
1142040
1142041
1142042
1142043
1142044
1142045
1142046
1142047
1142048
1142049
1142050
1142051
1142052
1142053
1142054
1142055
1142056
1142057
1142058
1142059
1142060
1142061
1142062
1142063
1142064
1142065
1142066
1142067
1142068
1142069
1142070
1142071
1142072
1142073
1142074
1142075
1142076
1142077
1142078
1142079
1142080
1142081
1142082
1142083
1142084
1142085
1142086
1142087
1142088
1142089
1142090
1142091
1142092
1142093
1142094
1142095
1142096
1142097
1142098
1142099
1142100
1142101
1142107
1142108
1142109
1142110
1142111
1142112
1142113
1142114
1142115
1142116
1142117
1142118
1142119
1142120
1142122
1142123
1142124
1142125
1142126
1142127
1142128
1142129
1142130
1142131
1142132
1142133
1142134
1142135
1142136
1142137
1142138
1142139
1142140
1142141
1142142
1142143
1142149
1142150
1142151
1142167
1142173
1142174
1142175
1142176
1142177
1142178
1142179
1142186
1142189
1302000
1302001
1302002
1302003
1302004
1302005
1302006
1302007
1302008
1302009
1302010
1302011
1302012
1302013
1302014
1302015
1302016
1302017
1302018
1302019
1302020
1302021
1302022
1302023
1302024
1302025
1302026
1302027
1302028
1302029
1302030
1302031
1302032
1302035
1302036
1302037
1302038
1302039
1302040
1302041
1302042
1302043
1302044
1302045
1302046
1302047
1302049
1302050
1302051
1302052
1302053
1302054
1302056
1302058
1302059
1302060
1302061
1302063
1302064
1302066
1302067
1302068
1302071
1302073
1302074
1302075
1302076
1302077
1302080
1302081
1302083
1302084
1302085
1302086
1302087
1302104
1302105
1302112
1302113
1302119
1302120
1302128
1302129
1302133
1312000
1312001
1312002
1312003
1312004
1312005
1312006
1312007
1312008
1312009
1312010
1312011
1312012
1312013
1312014
1312015
1312016
1312017
1312018
1312019
1312020
1312021
1312022
1312023
1312024
1312025
1312026
1312027
1312028
1312029
1312030
1312031
1312032
1312033
1312034
1312035
1312036
1312037
1312038
1312039
1312042
1312043
1312045
1322000
1322001
1322002
1322003
1322004
1322005
1322006
1322007
1322008
1322009
1322010
1322011
1322012
1322013
1322014
1322015
1322016
1322017
1322018
1322019
1322020
1322021
1322022
1322023
1322024
1322025
1322026
1322027
1322028
1322029
1322031
1322032
1322033
1322034
1322035
1322036
1322037
1322038
1322039
1322040
1322041
1322042
1322043
1322044
1322045
1322046
1322047
1322048
1322049
1322050
1322051
1322052
1322053
1322054
1322055
1322056
1322057
1322058
1322060
1322061
1322062
1322065
1322068
1322069
1322071
1322073
1332000
1332001
1332002
1332003
1332004
1332005
1332006
1332007
1332008
1332009
1332010
1332011
1332012
1332013
1332014
1332015
1332016
1332017
1332018
1332019
1332020
1332021
1332022
1332023
1332024
1332025
1332026
1332027
1332028
1332029
1332030
1332031
1332032
1332033
1332034
1332035
1332036
1332037
1332038
1332039
1332040
1332041
1332042
1332043
1332044
1332045
1332046
1332047
1332049
1332050
1332051
1332052
1332053
1332054
1332055
1332056
1332057
1332059
1332060
1332061
1332063
1332066
1332073
1332074
1332075
1332076
1332081
1332084
1332085
1332086
1332087
1332088
1332099
1372000
1372001
1372002
1372003
1372004
1372005
1372006
1372007
1372008
1372009
1372010
1372011
1372012
1372013
1372014
1372015
1372016
1372017
1372018
1372019
1372020
1372021
1372022
1372023
1372024
1372025
1372027
1372028
1372029
1372030
1372031
1372032
1372033
1372034
1372035
1372036
1372037
1372038
1372039
1372040
1372041
1372042
1372043
1372044
1372045
1372046
1372049
1372050
1372051
1372053
1372058
1382000
1382001
1382002
1382003
1382004
1382005
1382006
1382007
1382008
1382009
1382010
1382011
1382012
1382013
1382014
1382015
1382016
1382017
1382018
1382019
1382020
1382021
1382022
1382023
1382024
1382025
1382026
1382027
1382028
1382029
1382030
1382031
1382032
1382033
1382034
1382035
1382036
1382037
1382039
1382040
1382041
1382042
1382043
1382044
1382045
1382046
1382047
1382048
1382049
1382050
1382051
1382052
1382057
1382058
1382059
1382060
1382062
1382066
1382067
1382068
1382070
1382080
1392000
1402000
1402001
1402002
1402003
1402004
1402005
1402006
1402007
1402008
1402009
1402010
1402011
1402012
1402013
1402014
1402015
1402016
1402017
1402018
1402019
1402020
1402021
1402022
1402023
1402024
1402025
1402026
1402027
1402028
1402029
1402030
1402031
1402032
1402033
1402034
1402035
1402036
1402037
1402039
1402040
1402041
1402042
1402043
1402044
1402046
1402047
1402053
1402056
1402057
1402058
1402059
1402062
1402063
1402064
1402072
1412000
1412001
1412002
1412003
1412004
1412005
1412006
1412007
1412008
1412009
1412010
1412011
1412012
1412013
1412014
1412015
1412016
1412017
1412018
1412019
1412020
1412021
1412022
1412023
1412024
1412025
1412026
1412027
1412028
1412029
1412030
1412031
1412033
1412034
1412035
1412038
1412039
1412040
1412042
1412046
1422000
1422001
1422002
1422003
1422004
1422005
1422006
1422007
1422008
1422009
1422010
1422011
1422012
1422013
1422014
1422015
1422016
1422017
1422018
1422019
1422020
1422021
1422022
1422023
1422024
1422025
1422026
1422027
1422028
1422029
1422030
1422031
1422032
1422033
1422034
1422035
1422036
1422037
1422038
1422039
1422042
1422043
1422045
1432000
1432001
1432002
1432003
1432004
1432005
1432006
1432007
1432008
1432009
1432010
1432011
1432012
1432013
1432014
1432015
1432016
1432017
1432018
1432019
1432020
1432021
1432022
1432023
1432024
1432025
1432026
1432027
1432028
1432030
1432031
1432032
1432033
1432034
1432035
1432037
1432038
1432039
1432040
1432041
1432042
1432043
1432044
1432046
1432047
1432048
1432049
1432050
1432054
1432055
1432056
1432057
1432061
1442000
1442001
1442002
1442003
1442004
1442005
1442006
1442007
1442008
1442009
1442010
1442011
1442012
1442013
1442014
1442015
1442016
1442017
1442018
1442019
1442020
1442021
1442022
1442023
1442024
1442025
1442026
1442027
1442028
1442029
1442030
1442031
1442032
1442033
1442034
1442035
1442036
1442037
1442038
1442039
1442040
1442041
1442042
1442043
1442044
1442045
1442046
1442051
1442052
1442053
1442054
1442055
1442056
1442057
1442058
1442059
1442063
1442065
1442066
1442067
1442068
1442069
1442070
1442071
1442074
1442075
1442076
1442077
1442078
1442079
1442080
1442081
1442082
1442087
1442088
1452000
1452001
1452002
1452003
1452004
1452005
1452006
1452007
1452008
1452009
1452010
1452011
1452012
1452013
1452014
1452015
1452016
1452017
1452018
1452019
1452020
1452021
1452022
1452023
1452024
1452025
1452026
1452027
1452028
1452029
1452030
1452031
1452032
1452033
1452034
1452035
1452036
1452038
1452039
1452040
1452041
1452042
1452044
1452045
1452046
1452048
1452049
1452050
1452051
1452057
1452058
1452059
1452060
1452062
1452066
1452067
1452068
1452069
1452070
1452071
1452073
1452083
1452084
1452085
1462000
1462001
1462002
1462003
1462004
1462005
1462006
1462007
1462008
1462009
1462010
1462011
1462012
1462013
1462014
1462015
1462016
1462017
1462018
1462019
1462020
1462021
1462022
1462023
1462024
1462025
1462026
1462027
1462028
1462029
1462030
1462031
1462032
1462033
1462034
1462035
1462036
1462037
1462039
1462040
1462041
1462043
1462044
1462045
1462050
1462051
1462056
1462059
1462060
1462061
1462062
1462063
1462066
1462075
1472000
1472001
1472002
1472003
1472004
1472005
1472006
1472007
1472008
1472009
1472010
1472011
1472012
1472013
1472014
1472015
1472016
1472017
1472018
1472019
1472020
1472021
1472022
1472023
1472024
1472025
1472026
1472027
1472028
1472029
1472030
1472031
1472032
1472033
1472034
1472035
1472036
1472037
1472038
1472039
1472040
1472041
1472042
1472043
1472045
1472046
1472047
1472048
1472049
1472051
1472052
1472053
1472054
1472055
1472056
1472058
1472059
1472060
1472061
1472063
1472068
1472069
1472071
1472077
1472083
1472084
1472086
1472089
1472100
1472800
1482000
1482001
1482002
1482003
1482004
1482005
1482006
1482007
1482008
1482009
1482010
1482011
1482012
1482013
1482014
1482015
1482016
1482017
1482018
1482019
1482020
1482021
1482022
1482023
1482024
1482025
1482029
1482030
1482031
1482032
1482037
1482046
1492000
1492001
1492002
1492003
1492004
1492005
1492006
1492007
1492008
1492009
1492010
1492011
1492012
1492013
1492014
1492015
1492016
1492017
1492018
1492019
1492020
1492021
1492022
1492023
1492024
1492025
1492026
1492030
1492034
1492035
1492036
1492037
1492038
1492048
1602000
1602001
1602002
1602003
1602004
1602005
1602006
1602007
1702000
1702001
1702002
1702003
1702004
1702005
1702006
1702007
1702008
1702009
1702010
1702011
1702012
1702013
1702014
1702015
1702016
1702017
1702018
1702019
1702020
1702021
1702022
1702023
1702024
1702025
1702026
1702027
1702028
1702029
1702030
1702031
1702032
1702033
1702034
1702035
1702036
1702037
1702038
1702039
1702040
1702041
1702042
1702043
1702044
1702045
1702046
1702047
1702048
1702049
1702050
1702051
1702055
1702056
1702057
1702058
1702059
1702060
1702061
1702062
1702063
1702064
1702065
1702066
1702067
1702068
1702069
1702070
1702071
1702072
1702073
1702074
1702078
1702079
1702080
1702081
1702082
1702083
1702084
1702085
1702086
1702087
1702088
1702089
1702090
1702091
1702092
1702093
1702094
1702096
1702098
1702099
1702100
1702103
1702104
1702105
1702106
1702107
1702108
1702109
1702110
1702111
1702112
1702113
1702114
1702115
1702116
1702117
1702118
1702119
1702120
1702121
1702122
1702123
1702124
1702125
1702127
1702131
1702132
1702133
1702134
1702136
1702138
1702139
1702140
1702141
1702142
1702143
1702144
1702145
1702146
1702147
1702148
1702149
1702150
1702151
1702152
1702153
1702154
1702155
1702158
1702159
1702160
1702162
1702163
1702164
1702165
1702166
1702167
1702168
1702169
1702170
1702172
1702173
1702174
1702177
1702179
1702180
1702181
1702182
1702187
1702188
1702189
1702190
1702191
1702195
1702196
1702199
1702200
1702201
1702202
1702203
1702207
1702209
1702210
1702211
1702212
1702213
1702216
1702217
1702218
1702219
1702221
1702222
1702223
1702224
1702226
1702228
1702229
1702230
1702232
1702233
1702235
1702237
1702238
1702239
1702240
1702248
1702249
1702250
1702251
1802000
1802001
1802002
1802003
1802004
1802005
1802006
1802007
1802008
1802009
1802010
1802011
1802012
1802013
1802014
1802015
1802016
1802017
1802018
1802019
1802020
1802021
1802022
1802023
1802024
1802025
1802026
1802027
1802028
1802029
1802030
1802031
1802032
1802033
1802034
1802035
1802036
1802037
1802038
1802042
1802043
1802044
1802045
1802047
1802053
1802054
1802056
1802057
1802058
1802059
1802060
1802062
1802063
1802100
1812001
1812003
1902000
1902001
1902002
1902005
1902006
1902007
1902008
1902009
1902010
1902011
1902014
1902015
1902016
1902017
1902018
1902019
1902020
1902021
1902031
1902032
1902033
1902034
1902035
1902036
1902037
1902038
1902039
1902045
1912000
1912003
1912004
1912005
1912007
1912010
1912011
1912012
1912013
1912014
1912024
1912025
1912026
1912027
1912028
1912029
1912030
1912031
1912032
1912038
1932000
2000000
2000001
2000002
2000003
2000004
2000005
2000006
2000007
2000008
2000009
2000010
2000011
2000012
2000013
2000014
2000015
2000016
2000017
2000018
2000019
2000020
2000021
2000022
2000023
2001000
2001001
2001002
2002000
2002001
2002002
2002003
2002004
2002005
2002006
2002007
2002008
2002009
2002010
2002011
2002015
2002023
2002024
2002025
2002030
2002031
2002032
2002033
2002034
2010000
2010001
2010002
2010003
2010004
2010005
2010006
2010007
2010009
2011000
2012000
2012001
2012002
2012003
2012005
2012006
2020000
2020001
2020002
2020003
2020004
2020005
2020006
2020007
2020008
2020009
2020010
2020011
2020012
2020013
2020014
2020015
2020016
2020017
2020018
2020019
2020020
2020021
2020022
2020023
2020024
2020025
2020026
2020027
2020028
2020029
2020030
2020031
2022000
2022001
2022002
2022003
2022004
2022005
2022006
2022007
2022008
2022009
2022010
2022011
2022012
2022013
2022014
2022015
2022016
2022017
2022018
2022019
2022020
2022021
2022022
2022023
2022024
2022025
2022026
2022027
2022028
2022029
2022030
2022031
2022032
2022033
2022034
2022035
2022036
2022037
2022038
2022039
2022040
2022041
2022042
2022043
2022050
2022051
2022052
2022053
2022054
2022055
2022056
2022057
2022058
2022060
2022061
2022062
2022063
2022064
2022070
2022071
2022072
2022073
2022074
2022075
2022076
2022077
2022078
2022086
2022087
2022088
2022089
2022090
2022091
2022092
2022093
2022094
2022096
2022097
2022098
2022099
2022100
2022101
2022102
2022103
2022108
2022109
2022112
2022113
2022116
2022117
2022118
2022119
2022124
2022125
2022126
2022127
2022128
2022129
2022131
2022132
2022137
2022138
2022139
2022140
2022141
2022142
2022143
2022144
2022145
2022146
2022147
2022148
2022149
2022150
2022151
2022152
2022153
2022154
2022155
2022156
2022157
2022158
2022159
2022160
2022161
2022162
2022163
2022164
2022165
2022166
2022170
2022171
2022172
2022173
2022174
2022175
2022176
2022177
2022178
2022183
2022185
2022186
2022187
2022189
2022190
2022191
2022192
2022193
2022194
2022195
2022196
2022197
2022198
2022199
2022200
2022203
2022204
2022205
2022206
2022207
2022208
2022209
2022210
2022211
2022212
2022213
2022214
2022215
2022216
2022217
2022218
2022219
2022220
2022221
2022222
2022223
2022224
2022225
2022226
2022227
2022228
2022229
2022238
2022239
2022240
2022242
2022243
2022244
2022245
2022246
2022247
2022248
2022249
2022250
2022251
2022252
2022253
2022255
2022256
2022257
2022258
2022259
2022260
2022265
2022266
2022267
2022268
2022269
2022279
2022280
2022281
2022285
2022288
2022289
2022292
2022296
2022299
2022300
2022302
2022309
2022323
2022324
2022326
2022327
2022328
2022331
2022332
2022333
2022335
2022336
2022337
2022345
2022352
2022354
2022355
2022356
2022357
2022358
2022359
2022360
2022361
2022362
2022363
2022364
2022365
2022366
2022367
2022368
2022369
2022370
2022371
2022372
2022373
2022374
2022375
2022376
2022377
2022378
2022379
2022380
2022381
2022382
2022383
2022384
2022385
2022386
2022387
2022388
2022389
2022390
2022391
2022392
2022393
2022394
2022395
2022396
2022397
2022398
2022399
2022400
2022401
2022402
2022403
2022404
2022405
2022406
2022407
2022408
2022409
2022410
2022411
2022412
2022413
2022414
2022415
2022416
2022417
2022418
2022419
2022420
2022421
2022422
2022423
2022424
2022428
2022429
2022430
2022431
2022432
2022433
2022434
2022436
2022437
2022438
2022442
2022444
2022445
2022446
2022447
2022448
2022449
2022450
2022451
2022452
2022453
2022454
2022455
2022456
2022457
2022458
2022459
2022460
2022461
2022462
2022463
2022465
2022466
2022467
2022468
2022475
2022476
2022477
2022478
2022479
2022480
2022481
2022482
2022483
2022484
2022485
2022486
2022487
2022488
2022489
2022490
2022496
2022499
2022500
2022501
2022502
2022503
2022504
2022505
2022506
2022507
2022508
2022509
2022510
2022511
2022512
2022513
2022514
2022515
2022516
2022517
2022518
2022519
2022520
2022521
2022522
2022523
2022524
2022526
2022527
2022528
2022529
2022530
2022531
2022536
2022537
2022539
2022540
2022541
2022542
2022543
2022547
2022548
2022549
2022550
2022552
2022553
2022562
2022563
2022564
2022568
2022569
2022570
2022571
2022572
2022573
2022574
2022575
2022576
2022577
2022578
2022579
2022580
2022581
2022582
2022583
2022584
2022585
2022586
2022587
2022588
2022613
2022614
2022615
2022616
2022617
2022618
2022630
2022647
2022648
2022649
2022650
2022670
2022672
2022673
2022674
2022678
2030000
2030001
2030002
2030003
2030004
2030005
2030006
2030007
2030008
2030009
2030010
2030011
2030012
2030016
2030019
2031000
2031001
2031002
2031003
2031004
2031006
2031008
2032000
2040000
2040001
2040002
2040003
2040004
2040005
2040006
2040007
2040008
2040009
2040010
2040011
2040012
2040013
2040014
2040015
2040016
2040017
2040018
2040019
2040020
2040021
2040022
2040023
2040024
2040025
2040026
2040027
2040028
2040029
2040030
2040031
2040100
2040101
2040102
2040103
2040104
2040105
2040106
2040107
2040108
2040109
2040110
2040111
2040112
2040113
2040114
2040115
2040116
2040117
2040118
2040119
2040200
2040201
2040202
2040203
2040204
2040205
2040206
2040207
2040208
2040209
2040300
2040301
2040302
2040303
2040304
2040305
2040306
2040307
2040308
2040309
2040310
2040311
2040312
2040313
2040314
2040315
2040316
2040317
2040318
2040319
2040320
2040321
2040322
2040323
2040324
2040325
2040326
2040327
2040328
2040329
2040330
2040331
2040400
2040401
2040402
2040403
2040404
2040405
2040406
2040407
2040408
2040409
2040410
2040411
2040412
2040413
2040414
2040415
2040416
2040417
2040418
2040419
2040420
2040421
2040422
2040423
2040424
2040425
2040426
2040427
2040500
2040501
2040502
2040503
2040504
2040505
2040506
2040507
2040508
2040509
2040510
2040511
2040512
2040513
2040514
2040515
2040516
2040517
2040518
2040519
2040520
2040521
2040522
2040523
2040524
2040525
2040526
2040527
2040528
2040529
2040530
2040531
2040532
2040533
2040534
2040600
2040601
2040602
2040603
2040604
2040605
2040606
2040607
2040608
2040609
2040610
2040611
2040612
2040613
2040614
2040615
2040616
2040617
2040618
2040619
2040620
2040621
2040622
2040623
2040624
2040625
2040626
2040627
2040700
2040701
2040702
2040703
2040704
2040705
2040706
2040707
2040708
2040709
2040710
2040711
2040712
2040713
2040714
2040715
2040716
2040717
2040718
2040719
2040720
2040721
2040722
2040723
2040727
2040728
2040729
2040730
2040731
2040732
2040733
2040734
2040735
2040736
2040737
2040738
2040739
2040800
2040801
2040802
2040803
2040804
2040805
2040806
2040807
2040808
2040809
2040810
2040811
2040812
2040813
2040814
2040815
2040816
2040817
2040818
2040819
2040820
2040821
2040822
2040823
2040824
2040825
2040826
2040900
2040901
2040902
2040903
2040904
2040905
2040906
2040907
2040908
2040909
2040910
2040911
2040912
2040913
2040914
2040915
2040916
2040917
2040918
2040919
2040920
2040921
2040922
2040923
2040924
2040925
2040926
2040927
2040928
2040929
2040930
2040931
2040932
2040933
2041000
2041001
2041002
2041003
2041004
2041005
2041006
2041007
2041008
2041009
2041010
2041011
2041012
2041013
2041014
2041015
2041016
2041017
2041018
2041019
2041020
2041021
2041022
2041023
2041024
2041025
2041026
2041027
2041028
2041029
2041030
2041031
2041032
2041033
2041034
2041035
2041036
2041037
2041038
2041039
2041040
2041041
2041042
2041043
2041044
2041045
2041046
2041047
2041048
2041049
2041050
2041051
2041052
2041053
2041054
2041055
2041056
2041057
2041058
2041059
2041060
2041061
2041062
2041100
2041101
2041102
2041103
2041104
2041105
2041106
2041107
2041108
2041109
2041110
2041111
2041112
2041113
2041114
2041115
2041116
2041117
2041118
2041119
2041200
2041201
2041202
2041203
2041204
2041205
2041206
2041207
2041208
2041209
2041210
2041211
2041212
2041300
2041301
2041302
2041303
2041304
2041305
2041306
2041307
2041308
2041309
2041310
2041311
2041312
2041313
2041314
2041315
2041316
2041317
2041318
2041319
2043000
2043001
2043002
2043003
2043004
2043005
2043006
2043007
2043008
2043009
2043010
2043011
2043012
2043013
2043014
2043015
2043016
2043017
2043018
2043019
2043021
2043100
2043101
2043102
2043103
2043104
2043105
2043106
2043107
2043108
2043109
2043110
2043111
2043112
2043113
2043114
2043116
2043200
2043201
2043202
2043203
2043204
2043205
2043206
2043207
2043208
2043209
2043210
2043211
2043212
2043213
2043214
2043216
2043300
2043301
2043302
2043303
2043304
2043305
2043306
2043307
2043308
2043309
2043311
2043700
2043701
2043702
2043703
2043704
2043705
2043706
2043707
2043708
2043709
2043711
2043800
2043801
2043802
2043803
2043804
2043805
2043806
2043807
2043808
2043809
2043811
2044000
2044001
2044002
2044003
2044004
2044005
2044006
2044007
2044008
2044009
2044010
2044011
2044012
2044013
2044014
2044015
2044019
2044024
2044100
2044101
2044102
2044103
2044104
2044105
2044106
2044107
2044108
2044109
2044110
2044111
2044112
2044113
2044114
2044116
2044200
2044201
2044202
2044203
2044204
2044205
2044206
2044207
2044208
2044209
2044210
2044211
2044212
2044213
2044214
2044216
2044300
2044301
2044302
2044303
2044304
2044305
2044306
2044307
2044308
2044309
2044310
2044311
2044312
2044313
2044314
2044316
2044400
2044401
2044402
2044403
2044404
2044405
2044406
2044407
2044408
2044409
2044410
2044411
2044412
2044413
2044414
2044416
2044500
2044501
2044502
2044503
2044504
2044505
2044506
2044507
2044508
2044509
2044511
2044600
2044601
2044602
2044603
2044604
2044605
2044606
2044607
2044608
2044609
2044611
2044700
2044701
2044702
2044703
2044704
2044705
2044706
2044707
2044708
2044709
2044711
2044800
2044801
2044802
2044803
2044804
2044805
2044806
2044807
2044808
2044809
2044810
2044811
2044812
2044813
2044814
2044815
2044816
2044900
2044901
2044902
2044903
2044904
2044905
2044906
2044907
2044908
2044909
2048000
2048001
2048002
2048003
2048004
2048005
2048006
2048007
2048008
2048009
2048010
2048011
2048012
2048013
2048014
2048015
2048016
2048017
2049000
2049001
2049002
2049003
2049100
2049101
2049102
2049103
2049104
2049105
2049106
2049107
2049108
2049109
2049110
2049112
2050000
2050001
2050002
2050003
2050004
2050005
2050006
2050098
2050099
2060000
2060001
2060002
2060003
2060004
2060005
2060006
2061000
2061001
2061002
2061003
2061004
2070000
2070001
2070002
2070003
2070004
2070005
2070006
2070007
2070008
2070009
2070010
2070011
2070012
2070013
2070015
2080000
2081000
2082000
2083000
2084000
2090000
2090001
2090002
2090003
2090004
2090005
2090006
2090007
2090008
2090009
2090010
2100000
2100001
2100002
2100003
2100004
2100005
2100006
2100007
2100008
2100009
2100010
2100011
2100012
2100013
2100014
2100015
2100016
2100017
2100018
2100019
2100020
2100021
2100022
2100023
2100024
2100025
2100026
2100027
2100028
2100029
2100030
2100031
2100032
2100033
2100034
2100035
2100036
2100037
2100038
2100039
2100040
2100041
2100042
2100043
2100044
2100045
2100046
2100047
2100048
2100049
2100050
2100051
2100052
2100053
2100054
2100055
2100056
2100057
2100058
2100059
2100060
2100061
2100062
2100063
2100064
2100065
2100066
2100067
2100068
2100069
2100070
2100071
2100072
2100073
2100074
2100075
2100076
2100077
2100078
2100079
2100080
2100081
2100082
2100083
2100084
2100085
2100086
2100087
2100088
2100089
2100090
2100091
2100092
2100093
2100094
2100095
2100096
2100097
2100098
2100099
2100100
2100101
2100102
2100103
2100104
2100105
2100106
2100107
2100108
2100109
2100110
2100111
2100112
2100113
2100116
2100117
2100118
2100119
2100120
2100121
2100122
2100123
2100124
2100125
2100126
2100127
2100128
2100129
2100130
2100131
2100132
2100133
2100134
2100135
2100136
2100137
2100138
2100139
2100140
2100141
2100142
2100143
2100144
2100145
2100146
2100147
2100148
2100149
2100150
2100151
2100152
2100153
2100154
2100155
2100159
2100160
2100161
2100162
2100163
2100900
2100901
2100902
2100903
2100904
2101000
2101001
2101002
2101003
2101004
2101005
2101006
2101007
2101008
2101009
2101010
2101011
2101012
2101013
2101014
2101015
2101016
2101017
2101018
2101019
2101021
2101022
2101023
2101024
2101025
2101026
2101039
2101060
2101061
2101070
2101072
2101073
2101080
2101081
2101082
2101083
2101084
2101085
2101086
2101087
2101088
2101089
2101090
2101091
2101092
2101093
2101118
2101120
2101124
2101125
2101126
2101127
2101128
2101129
2101130
2101131
2101132
2101135
2101140
2101144
2101146
2101148
2101184
2101207
2101213
2101214
2101215
2101216
2101217
2101218
2101219
2101220
2101221
2101222
2101223
2101224
2101225
2101226
2101227
2101228
2101229
2101230
2101231
2101232
2101233
2101245
2102000
2102001
2102002
2102003
2102004
2102005
2102006
2102007
2102008
2102009
2109000
2109001
2109002
2109003
2109004
2109005
2109006
2109007
2109008
2109009
2109010
2110000
2120000
2120001
2120002
2120003
2120004
2120005
2120006
2120007
2120008
2130000
2130001
2130002
2130003
2140000
2140001
2140002
2140003
2140004
2140005
2140006
2140007
2140008
2150000
2160000
2160100
2160101
2170000
2170001
2171000
2172000
2172001
2180000
2180001
2180002
2180003
2190000
2200000
2200001
2210000
2210001
2210002
2210003
2210005
2210006
2210007
2210008
2210009
2210010
2210011
2210012
2210013
2210014
2210015
2210016
2210017
2210018
2210019
2210020
2210021
2210022
2210023
2210024
2210029
2210030
2210031
2210034
2210035
2210036
2210037
2210038
2210039
2211000
2212000
2240004
2240005
2240006
2240007
2240008
2240009
2240010
2240011
2240012
2240013
2240014
2240015
2260000
2270000
2270001
2270002
2270003
2270004
2270005
2270006
2270007
2270008
2270009
2270010
2270011
2270012
2280000
2280001
2280002
2280003
2280004
2280005
2280006
2280007
2280008
2280009
2280010
2280011
2280012
2280013
2280014
2280015
2280016
2280017
2280018
2280019
2280020
2280021
2280022
2280023
2280024
2280025
2290000
2290001
2290002
2290003
2290004
2290005
2290006
2290007
2290008
2290009
2290010
2290011
2290012
2290013
2290014
2290015
2290016
2290017
2290018
2290019
2290020
2290021
2290022
2290023
2290024
2290025
2290026
2290027
2290028
2290029
2290030
2290031
2290032
2290033
2290034
2290035
2290036
2290037
2290038
2290039
2290040
2290041
2290042
2290043
2290044
2290045
2290046
2290047
2290048
2290049
2290050
2290051
2290052
2290053
2290054
2290055
2290056
2290057
2290058
2290059
2290060
2290061
2290062
2290063
2290064
2290065
2290066
2290067
2290068
2290069
2290070
2290071
2290072
2290073
2290074
2290075
2290076
2290077
2290078
2290079
2290080
2290081
2290082
2290083
2290084
2290085
2290086
2290087
2290088
2290089
2290090
2290091
2290092
2290093
2290094
2290095
2290096
2290097
2290098
2290099
2290100
2290101
2290102
2290103
2290104
2290105
2290106
2290107
2290108
2290110
2290111
2290112
2290113
2290114
2290115
2290116
2290117
2290118
2290119
2290120
2290121
2290122
2290123
2290124
2290125
2290126
2290127
2290128
2290129
2290130
2290131
2290132
2290133
2290134
2290135
2290136
2290137
2290138
2290139
2300000
2300001
2310000
2320000
2330000
2330001
2330002
2330003
2330004
2330005
2330006
2331000
2332000
2340000
2360000
2360001
2360002
2370000
2370001
2370002
2370003
2370004
2370005
2370006
2370007
2370008
2370009
2370010
2370011
2370012
2380000
2380001
2380002
2380003
2380004
2380005
2380006
2380007
2380008
2380009
2380010
2380011
2380012
2380013
2380014
2380015
2380016
2380017
2380018
2380019
2381000
2381001
2381002
2381003
2381004
2381005
2381006
2381007
2381008
2381009
2381010
2381011
2381012
2381013
2381014
2381015
2381016
2381017
2381018
2381019
2381020
2381021
2381022
2381023
2381024
2381025
2381026
2381027
2381028
2381029
2381030
2381031
2381032
2381033
2381034
2381035
2381036
2381037
2381038
2381039
2381040
2381041
2381044
2381045
2381046
2381047
2381048
2381049
2381050
2381051
2381052
2381053
2381054
2381055
2381056
2381057
2381058
2381059
2381060
2381061
2381062
2381063
2381064
2381065
2381066
2381067
2381068
2381069
2381070
2381071
2381072
2381073
2381082
2381083
2382000
2382001
2382002
2382003
2382004
2382005
2382006
2382007
2382008
2382009
2382010
2382011
2382012
2382013
2382014
2382015
2382016
2382017
2382018
2382019
2382020
2382021
2382022
2382023
2382024
2382025
2382026
2382027
2382028
2382029
2382030
2382031
2382032
2382033
2382034
2382035
2382036
2382037
2382038
2382039
2382040
2382041
2382042
2382043
2382044
2382045
2382046
2382047
2382048
2382049
2382050
2382051
2382052
2382053
2382054
2382055
2382056
2382057
2382058
2382059
2382060
2382061
2382062
2382063
2382064
2382065
2382066
2382067
2382068
2382069
2382070
2382071
2382072
2382073
2382074
2382075
2382076
2382077
2382078
2382079
2382080
2382092
2382093
2382094
2382095
2382096
2383000
2383001
2383002
2383003
2383004
2383005
2383006
2383007
2383008
2383009
2383010
2383011
2383012
2383013
2383014
2383015
2383016
2383017
2383018
2383019
2383020
2383021
2383022
2383023
2383024
2383025
2383026
2383027
2383028
2383029
2383030
2383031
2383032
2383033
2383034
2383035
2383036
2383037
2383038
2383039
2383040
2383041
2383042
2383043
2383044
2383045
2383046
2383047
2383048
2383049
2383050
2383051
2383052
2383053
2383056
2383057
2383058
2383059
2384000
2384001
2384002
2384003
2384004
2384005
2384006
2384007
2384008
2384009
2384010
2384011
2384012
2384013
2384014
2384015
2384016
2384017
2384018
2384019
2384020
2384021
2384022
2384023
2384024
2384025
2384026
2384027
2384028
2384029
2384030
2384031
2384032
2384033
2384034
2384035
2384036
2384037
2384038
2384039
2384040
2384041
2384042
2384043
2385000
2385001
2385002
2385003
2385004
2385005
2385006
2385007
2385008
2385009
2385010
2385011
2385012
2385013
2385014
2385015
2385016
2385017
2385018
2385019
2385020
2385021
2385022
2385023
2385025
2385026
2385027
2386000
2386001
2386002
2386003
2386004
2386005
2386006
2386007
2386008
2386009
2386010
2386011
2386012
2386013
2386014
2386015
2386016
2386017
2386018
2386019
2386021
2386022
2386023
2386024
2386025
2386026
2386027
2386028
2386029
2387000
2387001
2387002
2387003
2387004
2387006
2387007
2387008
2387009
2387010
2387011
2387012
2387013
2387014
2387015
2387016
2387017
2387018
2387019
2387020
2388000
2388001
2388002
2388003
2388004
2388005
2388006
2388007
2388008
2388009
2388010
2388011
2388012
2388013
2388014
2388015
2388016
2388017
2388018
2388019
2388020
2388021
2388022
2388023
2388024
2388025
2388026
2388027
2388028
2388029
2388030
2388031
2388032
2388033
2388034
2388035
2388036
2388039
2388040
2388041
2388042
2388043
2388044
2388045
2388046
2388052
2388053
2388054
2388055
2388067
2388068
2388069
2388070
2400000
2410000
2410001
2410002
2410003
2410004
2420000
2420001
2420002
2420003
2430000
2430001
2430002
2430003
2430004
2430005
2430006
2430007
2430008
2430009
2430010
2430011
2430012
2430013
2430014
2430015
2430016
2440000
2450000
3010000
3010001
3010002
3010003
3010004
3010005
3010006
3010007
3010008
3010009
3010010
3010012
3010013
3010014
3010016
3010017
3010018
3010019
3010021
3010024
3010025
3010028
3010029
3010030
3010031
3010032
3010033
3010034
3010035
3010036
3010037
3010038
3010039
3010040
3010041
3010043
3010044
3010045
3010046
3010047
3010048
3010049
3010050
3010051
3010052
3010054
3010055
3010057
3010058
3010059
3010060
3010061
3010062
3010063
3010064
3010065
3010066
3010067
3010068
3010069
3010070
3010071
3010073
3010075
3010077
3010093
3010098
3010099
3010100
3010106
3010111
3011000
3012001
3012002
3012003
3012006
3012010
3012011
3020000
3020001
3020006
3990000
3990001
3990002
3990003
3990004
3990005
3990006
3990007
3990008
3990009
3990010
3990011
3990012
3990013
3990014
3990015
3990016
3990017
3990018
3990019
3990020
3990021
3990022
3990023
3991000
3991001
3991002
3991003
3991004
3991005
3991006
3991007
3991008
3991009
3991010
3991011
3991012
3991013
3991014
3991015
3991016
3991017
3991018
3991019
3991020
3991021
3991022
3991023
3991024
3991025
3991026
3991027
3991028
3991029
3991030
3991031
3991032
3991033
3991034
3991035
3991036
3991037
3991038
3991039
3991040
3991041
3991042
3991043
3991044
3991045
3991046
3991047
3991048
3991049
3991050
3991051
3992000
3992001
3992002
3992003
3992004
3992005
3992006
3992007
3992008
3992009
3992010
3992011
3992012
3992013
3992014
3992015
3992016
3992017
3992018
3992019
3992020
3992021
3992022
3992023
3992024
3992025
3992026
3992027
3992028
3992029
3992030
3992031
3992032
3992033
3992034
3992035
3992036
3992037
3992038
3992039
3992040
3993000
3993001
3993002
3993003
3994000
3994001
3994002
3994003
3994004
3994005
3994006
3994007
3994008
3994009
3994010
3994011
3994012
3994013
3994014
3994017
3994018
3994019
3994020
3994021
3994022
3994023
3994024
3994026
3994027
3994028
3994029
3994030
3994031
3994032
3994033
3994034
3994035
3994036
3994037
3994038
3994039
3994040
3994041
3994042
3994043
3994044
3994045
3994046
3994047
3994048
3994049
3994059
3994060
3994061
3994062
3994063
3994064
3994065
3994066
3994067
3994068
3994069
3994070
3994071
3994072
3994073
3994074
3994075
3994076
3994077
3994078
3994079
3994080
3994081
3994082
3994083
3994084
3994085
3994086
3994089
3994090
3994091
3994092
3994093
3994094
3994095
3994096
3994097
3994098
3994099
3994100
3994101
3994102
3994103
3994104
3994105
3994106
3994115
3994116
3994117
3994118
3994119
3994120
3994121
3994122
3994123
3994124
3994125
3994126
3994127
3994128
3994129
3994130
3994131
3994132
3994133
3994134
3994135
3994136
3994137
3994138
3994139
3994183
4000000
4000001
4000002
4000003
4000004
4000005
4000006
4000007
4000008
4000009
4000010
4000011
4000012
4000013
4000014
4000015
4000016
4000017
4000018
4000019
4000020
4000021
4000022
4000023
4000024
4000025
4000026
4000027
4000028
4000029
4000030
4000031
4000032
4000033
4000034
4000035
4000036
4000037
4000038
4000039
4000040
4000041
4000042
4000043
4000044
4000045
4000046
4000047
4000048
4000049
4000050
4000051
4000052
4000053
4000054
4000055
4000056
4000057
4000058
4000059
4000060
4000061
4000062
4000063
4000064
4000065
4000066
4000067
4000068
4000069
4000070
4000071
4000072
4000073
4000074
4000075
4000076
4000077
4000078
4000079
4000080
4000081
4000082
4000083
4000084
4000085
4000086
4000087
4000088
4000089
4000090
4000091
4000092
4000093
4000094
4000095
4000096
4000097
4000098
4000099
4000100
4000101
4000102
4000103
4000104
4000105
4000106
4000107
4000108
4000109
4000110
4000111
4000112
4000113
4000114
4000115
4000116
4000117
4000118
4000119
4000120
4000121
4000122
4000123
4000124
4000125
4000126
4000127
4000128
4000129
4000130
4000131
4000132
4000133
4000134
4000135
4000136
4000137
4000138
4000139
4000140
4000141
4000142
4000143
4000144
4000145
4000146
4000147
4000148
4000149
4000150
4000151
4000152
4000153
4000154
4000155
4000156
4000157
4000158
4000159
4000160
4000161
4000162
4000163
4000164
4000165
4000166
4000167
4000168
4000169
4000170
4000171
4000172
4000173
4000175
4000176
4000177
4000178
4000179
4000180
4000181
4000182
4000183
4000184
4000185
4000186
4000187
4000188
4000189
4000190
4000191
4000192
4000193
4000194
4000195
4000196
4000197
4000198
4000199
4000200
4000201
4000202
4000204
4000205
4000206
4000207
4000208
4000209
4000210
4000211
4000212
4000213
4000214
4000215
4000216
4000217
4000218
4000219
4000220
4000221
4000222
4000223
4000224
4000225
4000226
4000227
4000228
4000229
4000230
4000231
4000232
4000233
4000234
4000235
4000236
4000237
4000238
4000239
4000240
4000241
4000242
4000243
4000244
4000245
4000246
4000247
4000248
4000249
4000250
4000251
4000252
4000253
4000254
4000255
4000256
4000257
4000258
4000259
4000260
4000261
4000262
4000263
4000264
4000265
4000266
4000267
4000268
4000269
4000270
4000271
4000272
4000273
4000274
4000276
4000277
4000278
4000279
4000280
4000281
4000282
4000283
4000284
4000285
4000286
4000287
4000288
4000289
4000290
4000291
4000292
4000293
4000294
4000295
4000296
4000297
4000298
4000299
4000300
4000301
4000313
4000324
4000325
4000326
4000327
4000328
4000329
4000330
4000331
4000332
4000333
4000334
4000335
4000336
4000350
4000351
4000352
4000353
4000354
4000355
4000356
4000357
4000358
4000359
4000360
4000361
4000362
4000363
4000364
4000365
4000366
4000367
4000368
4000369
4000370
4000371
4000372
4000373
4000374
4000375
4000376
4000377
4000378
4000379
4000380
4000381
4000382
4000383
4000384
4000385
4000391
4000393
4000394
4000395
4000396
4000397
4000398
4000399
4000400
4000401
4000402
4000403
4000404
4000405
4000406
4000407
4000411
4000412
4000413
4000414
4000415
4000416
4000417
4000418
4000419
4000422
4000423
4000424
4000425
4000429
4000430
4000431
4000432
4000433
4000434
4000435
4000436
4000437
4000438
4000439
4000440
4000443
4000444
4000445
4000446
4000447
4000448
4000449
4000450
4000451
4000452
4000453
4000454
4000455
4000456
4000457
4000458
4000459
4000460
4000461
4000462
4000463
4000464
4000465
4000466
4000467
4000468
4000469
4000470
4000471
4000472
4000473
4000474
4000475
4000476
4000477
4000478
4000481
4000482
4000483
4000484
4000485
4000486
4000487
4000488
4000489
4000492
4000493
4000494
4000495
4000496
4000497
4000499
4000500
4000501
4000502
4000503
4000504
4000505
4000506
4000507
4001000
4001001
4001002
4001003
4001004
4001005
4001006
4001007
4001008
4001009
4001010
4001011
4001012
4001013
4001014
4001015
4001016
4001017
4001018
4001019
4001020
4001021
4001022
4001023
4001024
4001025
4001026
4001027
4001028
4001029
4001030
4001031
4001032
4001033
4001034
4001035
4001036
4001037
4001038
4001039
4001040
4001041
4001042
4001043
4001044
4001045
4001046
4001047
4001048
4001049
4001050
4001051
4001052
4001053
4001054
4001055
4001056
4001057
4001058
4001059
4001060
4001061
4001062
4001063
4001064
4001065
4001066
4001067
4001068
4001069
4001070
4001071
4001072
4001073
4001074
4001075
4001076
4001077
4001078
4001079
4001080
4001081
4001082
4001083
4001084
4001085
4001086
4001087
4001088
4001089
4001090
4001091
4001092
4001093
4001094
4001095
4001096
4001097
4001098
4001099
4001100
4001101
4001102
4001103
4001104
4001105
4001107
4001108
4001109
4001110
4001111
4001112
4001113
4001114
4001115
4001116
4001117
4001118
4001119
4001120
4001121
4001122
4001123
4001124
4001125
4001126
4001127
4001128
4001129
4001130
4001131
4001132
4001133
4001134
4001135
4001136
4001137
4001141
4001142
4001143
4001144
4001145
4001146
4001147
4001148
4001149
4001151
4001152
4001153
4001154
4001155
4001156
4001157
4001158
4001159
4001160
4001161
4001162
4001163
4001164
4001165
4001166
4001167
4001168
4001169
4001170
4001171
4001172
4001173
4001174
4001175
4001176
4001177
4001178
4001179
4001180
4001181
4001182
4001183
4001184
4001185
4001186
4001187
4001188
4001189
4001190
4001191
4001192
4001193
4001197
4001198
4001199
4001200
4001201
4001202
4001203
4001204
4001205
4001206
4001207
4001213
4001214
4001215
4001216
4001217
4001218
4001219
4001220
4001221
4001222
4001223
4001224
4001225
4001226
4001227
4001228
4001229
4001230
4001231
4001232
4001233
4001234
4001235
4001237
4001238
4001239
4001240
4001241
4001242
4001243
4001244
4001245
4001246
4001247
4001248
4001254
4001255
4001256
4001257
4001258
4001259
4001260
4001261
4001263
4001264
4001266
4001267
4001268
4001269
4001270
4001271
4001272
4001300
4001301
4001302
4001303
4001304
4001305
4001306
4001307
4001308
4001309
4001310
4001311
4001312
4001316
4001317
4001318
4001320
4001321
4001322
4001323
4001324
4001325
4001340
4001341
4001342
4001343
4001344
4001345
4001346
4001347
4001348
4001349
4001350
4001351
4001352
4001353
4001354
4001355
4001356
4001357
4001358
4001359
4001360
4001361
4001362
4001363
4001364
4001365
4001366
4001367
4001368
4001369
4001370
4001371
4001372
4001373
4001374
4001375
4001376
4001377
4001378
4001379
4001380
4001381
4001382
4001383
4001384
4001385
4001397
4001398
4001430
4002000
4002001
4002002
4002003
4003000
4003001
4003002
4003003
4003004
4003005
4004000
4004001
4004002
4004003
4004004
4005000
4005001
4005002
4005003
4005004
4006000
4006001
4007000
4007001
4007002
4007003
4007004
4007005
4007006
4007007
4010000
4010001
4010002
4010003
4010004
4010005
4010006
4010007
4011000
4011001
4011002
4011003
4011004
4011005
4011006
4011007
4011008
4020000
4020001
4020002
4020003
4020004
4020005
4020006
4020007
4020008
4020009
4021000
4021001
4021002
4021003
4021004
4021005
4021006
4021007
4021008
4021009
4021010
4030000
4030001
4030002
4030003
4030004
4030005
4030006
4030007
4030008
4030009
4030010
4030011
4030012
4030013
4030014
4030015
4030016
4031000
4031001
4031002
4031003
4031004
4031005
4031006
4031007
4031008
4031009
4031010
4031011
4031012
4031013
4031014
4031015
4031016
4031017
4031018
4031019
4031020
4031021
4031022
4031023
4031024
4031025
4031026
4031027
4031028
4031029
4031030
4031031
4031032
4031033
4031034
4031035
4031036
4031037
4031038
4031039
4031040
4031041
4031042
4031043
4031044
4031045
4031046
4031047
4031048
4031049
4031050
4031051
4031052
4031053
4031054
4031055
4031056
4031057
4031058
4031059
4031060
4031061
4031062
4031063
4031064
4031065
4031066
4031067
4031068
4031069
4031070
4031071
4031072
4031073
4031074
4031075
4031076
4031077
4031078
4031079
4031080
4031081
4031082
4031083
4031084
4031085
4031086
4031087
4031088
4031089
4031090
4031091
4031092
4031093
4031094
4031095
4031096
4031097
4031098
4031099
4031100
4031101
4031102
4031103
4031104
4031105
4031106
4031107
4031108
4031109
4031110
4031111
4031112
4031113
4031114
4031115
4031116
4031117
4031118
4031119
4031120
4031121
4031122
4031123
4031124
4031125
4031126
4031127
4031128
4031129
4031130
4031131
4031132
4031133
4031134
4031135
4031136
4031137
4031138
4031139
4031140
4031141
4031142
4031143
4031144
4031145
4031146
4031147
4031148
4031149
4031150
4031151
4031152
4031153
4031154
4031155
4031156
4031157
4031158
4031159
4031160
4031161
4031162
4031163
4031164
4031165
4031166
4031167
4031168
4031169
4031170
4031171
4031172
4031173
4031174
4031175
4031176
4031177
4031178
4031179
4031181
4031182
4031183
4031184
4031185
4031186
4031187
4031188
4031189
4031190
4031191
4031192
4031193
4031194
4031195
4031196
4031197
4031198
4031199
4031200
4031201
4031202
4031204
4031205
4031206
4031207
4031208
4031209
4031210
4031211
4031212
4031213
4031214
4031215
4031216
4031217
4031218
4031219
4031220
4031221
4031222
4031223
4031224
4031225
4031226
4031227
4031228
4031229
4031230
4031231
4031232
4031233
4031234
4031235
4031236
4031237
4031238
4031239
4031240
4031241
4031242
4031243
4031244
4031245
4031246
4031247
4031248
4031249
4031250
4031251
4031252
4031253
4031254
4031255
4031256
4031257
4031258
4031259
4031260
4031261
4031262
4031263
4031264
4031265
4031266
4031267
4031268
4031269
4031270
4031271
4031272
4031273
4031274
4031275
4031276
4031277
4031278
4031279
4031280
4031281
4031282
4031285
4031286
4031288
4031289
4031290
4031291
4031292
4031293
4031295
4031296
4031297
4031298
4031299
4031300
4031301
4031302
4031303
4031304
4031308
4031309
4031310
4031311
4031312
4031315
4031316
4031317
4031318
4031319
4031320
4031321
4031322
4031323
4031324
4031325
4031326
4031327
4031328
4031329
4031330
4031331
4031332
4031333
4031334
4031335
4031336
4031337
4031338
4031339
4031340
4031341
4031342
4031343
4031344
4031345
4031346
4031347
4031348
4031352
4031353
4031354
4031355
4031356
4031378
4031379
4031380
4031381
4031382
4031383
4031384
4031385
4031386
4031387
4031388
4031391
4031392
4031400
4031401
4031405
4031409
4031410
4031411
4031412
4031413
4031414
4031415
4031416
4031417
4031418
4031419
4031420
4031421
4031426
4031427
4031428
4031429
4031430
4031431
4031432
4031433
4031435
4031436
4031437
4031438
4031447
4031448
4031449
4031450
4031451
4031452
4031453
4031454
4031455
4031456
4031457
4031458
4031459
4031460
4031461
4031462
4031463
4031464
4031465
4031466
4031467
4031468
4031469
4031470
4031471
4031472
4031473
4031474
4031475
4031476
4031477
4031478
4031479
4031482
4031483
4031484
4031485
4031487
4031488
4031495
4031496
4031497
4031504
4031505
4031506
4031507
4031508
4031509
4031510
4031511
4031512
4031513
4031514
4031515
4031516
4031517
4031518
4031532
4031533
4031534
4031535
4031536
4031537
4031538
4031539
4031540
4031541
4031546
4031547
4031548
4031549
4031551
4031552
4031553
4031554
4031555
4031556
4031557
4031558
4031559
4031560
4031561
4031568
4031569
4031570
4031571
4031572
4031573
4031574
4031575
4031576
4031577
4031578
4031579
4031580
4031581
4031582
4031583
4031584
4031585
4031586
4031587
4031588
4031589
4031591
4031606
4031607
4031608
4031610
4031611
4031612
4031613
4031614
4031615
4031616
4031617
4031619
4031620
4031621
4031622
4031623
4031624
4031625
4031627
4031628
4031629
4031630
4031631
4031632
4031633
4031634
4031635
4031636
4031637
4031638
4031639
4031640
4031641
4031642
4031643
4031644
4031645
4031646
4031647
4031648
4031661
4031662
4031663
4031667
4031668
4031669
4031674
4031675
4031680
4031681
4031683
4031684
4031685
4031686
4031687
4031688
4031689
4031690
4031691
4031692
4031693
4031694
4031695
4031696
4031697
4031698
4031699
4031700
4031701
4031702
4031703
4031704
4031705
4031706
4031707
4031708
4031709
4031710
4031711
4031712
4031713
4031714
4031715
4031716
4031731
4031732
4031733
4031734
4031735
4031736
4031737
4031738
4031739
4031740
4031741
4031743
4031744
4031745
4031748
4031764
4031765
4031766
4031767
4031768
4031769
4031770
4031771
4031772
4031773
4031774
4031775
4031776
4031777
4031778
4031779
4031780
4031781
4031782
4031783
4031784
4031785
4031786
4031787
4031788
4031789
4031790
4031791
4031792
4031793
4031794
4031796
4031797
4031798
4031799
4031800
4031801
4031802
4031804
4031805
4031806
4031807
4031808
4031809
4031810
4031811
4031812
4031815
4031816
4031817
4031818
4031819
4031820
4031821
4031822
4031823
4031824
4031825
4031826
4031827
4031828
4031829
4031830
4031831
4031832
4031833
4031834
4031835
4031836
4031837
4031838
4031839
4031840
4031841
4031842
4031843
4031844
4031845
4031846
4031847
4031848
4031849
4031850
4031851
4031852
4031853
4031854
4031855
4031856
4031857
4031858
4031859
4031860
4031861
4031862
4031863
4031868
4031869
4031870
4031871
4031872
4031873
4031874
4031875
4031876
4031887
4031890
4031891
4031892
4031893
4031894
4031895
4031896
4031921
4031922
4031923
4031924
4031925
4031926
4031927
4031928
4031933
4031934
4031935
4031938
4031939
4031940
4031941
4031942
4031945
4031952
4031953
4031954
4031963
4031964
4031965
4031966
4031967
4031968
4031969
4031970
4031971
4031972
4031973
4031974
4031975
4031976
4031977
4031978
4031979
4031980
4031983
4031988
4031991
4031992
4031993
4031994
4031995
4031996
4031997
4031998
4031999
4032000
4032001
4032002
4032003
4032006
4032008
4032010
4032011
4032032
4032035
4032036
4032037
4032038
4032039
4032040
4032041
4032042
4032043
4032044
4032055
4032056
4032066
4032083
4032084
4032085
4032086
4032087
4032088
4032091
4032092
4032093
4032094
4032095
4032096
4032097
4032098
4032099
4032100
4032101
4032102
4032103
4032104
4032105
4032115
4032116
4032117
4032118
4032119
4032120
4032121
4032122
4032123
4032124
4032125
4032126
4032127
4032128
4032129
4032130
4032131
4032132
4032135
4032136
4032137
4032138
4032139
4032140
4032141
4032142
4032143
4032144
4032145
4032146
4032147
4032148
4032149
4032176
4032177
4032178
4032179
4032185
4032186
4032187
4032190
4032196
4032197
4032198
4032199
4032200
4032206
4032208
4032217
4032218
4032219
4032221
4032222
4032223
4032224
4032225
4032226
4032246
4032250
4032262
4032263
4032264
4032265
4032266
4032267
4032268
4032269
4032270
4032271
4032272
4032273
4032275
4032276
4032277
4032278
4032279
4032280
4032281
4032282
4032283
4032284
4032285
4032286
4032287
4032288
4032298
4032299
4032300
4032301
4032302
4032303
4032304
4032309
4032310
4032311
4032312
4032313
4032314
4032315
4032316
4032317
4032318
4032319
4032320
4032321
4032322
4032323
4032324
4032325
4032326
4032327
4032328
4032329
4032330
4032331
4032332
4032333
4032334
4032335
4032338
4032339
4032340
4032341
4032342
4032343
4032348
4032349
4032350
4032351
4032352
4032353
4032354
4032366
4032367
4032368
4032369
4032370
4032371
4032372
4032373
4032374
4032375
4032376
4032377
4032378
4032379
4032386
4032387
4032388
4032389
4032390
4032391
4032392
4032393
4032394
4032395
4032396
4032397
4032398
4032399
4032400
4032401
4032402
4032405
4032418
4032419
4032420
4032421
4032422
4032423
4032424
4032478
4032479
4032480
4032481
4032482
4032483
4032484
4032485
4032486
4032487
4032488
4032489
4032490
4032491
4032492
4032493
4032494
4032495
4032496
4032499
4032500
4032501
4032579
4032580
4032581
4032582
4032583
4032584
4032585
4032586
4032587
4032588
4032589
4032590
4032591
4032592
4032593
4032594
4032595
4040000
4040001
4040002
4040003
4040004
4040005
4040006
4040007
4040008
4040009
4040010
4050000
4050001
4050002
4050003
4050004
4050005
4050006
4050007
4050008
4050009
4050014
4050015
4051000
4051001
4051002
4051003
4051004
4051005
4051006
4051007
4051008
4051009
4051010
4051011
4052000
4052001
4052002
4052003
4052004
4052005
4052006
4052007
4052008
4052009
4052016
4052017
4053000
4053001
4053002
4053003
4054000
4055000
4055001
4055004
4055005
4055006
4060000
4060001
4060002
4060003
4060004
4060005
4070000
4080000
4080001
4080002
4080003
4080004
4080005
4080006
4080007
4080008
4080009
4080010
4080011
4080100
4090000
4100000
4100001
4100002
4100003
4100004
4100005
4100006
4101000
4101001
4101002
4110000
4110001
4110002
4110003
4110004
4110010
4120000
4130000
4130001
4130002
4130003
4130004
4130005
4130006
4130007
4130008
4130009
4130010
4130011
4130012
4130013
4130014
4130015
4130016
4130017
4130018
4130019
4130020
4130021
4130022
4131000
4131001
4131002
4131003
4131004
4131005
4131006
4131007
4131008
4131009
4131010
4131011
4131012
4131013
4131014
4131015
4140000
4140100
4140101
4140102
4140103
4140200
4140201
4140300
4140301
4140302
4150000
4160000
4160001
4160002
4160003
4160004
4160005
4160006
4160007
4160008
4160009
4160010
4160011
4160012
4160013
4160014
4160015
4160017
4160019
4160020
4160021
4160022
4160023
4160024
4160026
4160028
4160029
4160031
4160033
4160034
4160037
4160038
4160040
4160044
4161000
4161001
4161002
4161003
4161004
4161005
4161006
4161007
4161008
4161009
4161010
4161011
4161012
4161013
4161014
4161015
4161016
4161017
4161018
4161019
4161020
4161021
4161022
4161023
4161024
4161025
4161026
4161027
4161028
4161029
4161030
4161031
4161032
4161033
4161034
4161035
4161036
4161037
4161043
4161044
4161045
4161046
4161047
4161048
4170000
4170001
4170002
4170003
4170004
4170005
4170006
4170007
4170008
4170009
4170010
4170011
4170012
4170013
4170014
4170015
4170016
4170017
4170018
4200000
4200001
4200002
4200003
4200004
4200005
4200006
4200007
4200008
4200009
4210000
4210001
4210002
4210003
4210004
4210005
4210006
4210007
4210008
4210009
4210010
4210011
4211000
4211001
4211002
4212000
4212001
4212002
4213000
4213001
4214000
4214001
4214002
4220000
4220001
4220002
4220003
4220004
4220005
4220006
4220007
4220008
4220009
4220010
4220011
4220012
4220013
4220014
4220015
4220016
4220017
4220018
4220019
4220020
4220021
4220023
4220045
4220046
4220067
4220068
4220069
4220070
4220071
4220072
4220073
4220074
4220075
4220076
4220077
4220078
4220079
4220080
4220081
4220082
4220083
4220084
4220085
4220086
4220087
4220088
4220089
4220090
4220091
4220092
4220093
4220094
4220095
4220096
4220097
4220098
4220099
4220100
4220101
4220102
4220103
4220104
4220105
4220106
4220107
4220108
4220109
4220110
4220111
4220112
4220113
4220114
4220115
4220116
4220117
4220118
4220119
4220120
4220121
4220122
4220123
4220124
4220125
4220126
4220127
4220128
4220129
4220130
4220131
4220132
4220133
4220134
4220135
4220136
4220137
4220138
4220139
4220140
4220141
4220142
4220143
4220144
4220145
4220146
4220148
4220149
4220150
4220151
4220153
4250000
4250001
4250002
4250100
4250101
4250102
4250200
4250201
4250202
4250300
4250301
4250302
4250400
4250401
4250402
4250500
4250501
4250502
4250600
4250601
4250602
4250700
4250701
4250702
4250800
4250801
4250802
4250900
4250901
4250902
4251000
4251001
4251002
4251100
4251101
4251102
4251200
4251201
4251202
4251300
4251301
4251302
4251400
4251401
4251402
4260000
4260001
4260002
4260003
4260004
4260005
4260006
4260007
4260008
4270000
4270001
4270002
4270003
4270004
4270005
4280000
4280001
4290000
4290001
4290003
4290004
4300000
4301000
5000000
5000001
5000002
5000003
5000004
5000005
5000006
5000007
5000008
5000009
5000010
5000011
5000012
5000013
5000014
5000015
5000016
5000017
5000018
5000020
5000021
5000022
5000023
5000024
5000025
5000026
5000027
5000028
5000029
5000030
5000031
5000032
5000033
5000035
5000036
5000040
5000041
5000042
5000043
5000046
5000047
5000048
5000049
5000050
5000051
5000052
5000053
5000054
5000055
5000056
5000060
5000066
5010000
5010001
5010002
5010003
5010004
5010005
5010006
5010007
5010008
5010009
5010010
5010011
5010012
5010013
5010014
5010015
5010016
5010017
5010018
5010019
5010020
5010021
5010022
5010023
5010024
5010025
5010027
5010028
5010029
5010030
5010031
5010032
5010033
5010034
5010035
5010038
5010039
5010041
5010043
5010044
5010045
5010051
5010052
5010053
5010054
5010055
5010056
5010057
5010058
5010059
5010060
5010061
5010063
5010064
5010065
5010066
5010068
5010069
5010070
5010999
5021000
5021001
5021002
5021003
5021004
5021005
5021006
5021007
5021008
5021009
5021010
5021011
5021012
5021013
5021014
5021015
5021017
5021021
5021022
5021023
5021024
5021025
5021026
5030000
5030001
5030002
5030003
5030004
5030005
5030006
5030008
5030009
5030010
5030011
5030012
5040000
5040001
5041000
5042000
5042001
5043000
5050000
5050001
5050002
5050003
5050004
5060000
5060001
5060002
5061000
5061001
5061002
5061003
5070000
5071000
5072000
5073000
5074000
5075000
5075001
5075002
5075003
5075004
5075005
5076000
5077000
5080000
5080001
5080002
5080003
5090000
5090100
5100000
5110000
5120000
5120001
5120002
5120003
5120004
5120005
5120006
5120007
5120008
5120009
5120010
5120012
5120014
5120015
5120016
5120017
5120018
5120019
5120020
5120021
5120022
5120023
5120024
5120025
5120026
5120027
5120030
5121000
5121001
5121002
5121003
5121004
5121005
5121006
5121007
5121008
5121009
5121010
5121011
5121012
5121013
5121014
5121015
5121016
5121019
5121020
5121022
5122000
5130000
5130002
5131000
5140000
5140001
5140002
5140003
5140004
5140005
5150000
5150001
5150002
5150003
5150004
5150005
5150006
5150007
5150008
5150009
5150014
5150015
5150021
5150022
5150024
5150025
5150026
5150027
5150030
5150031
5150032
5150033
5150034
5150035
5150036
5150038
5150040
5150044
5151000
5151001
5151002
5151003
5151004
5151005
5151006
5151007
5151008
5151009
5151010
5151011
5151014
5151015
5151019
5151020
5151021
5151022
5151025
5151026
5151027
5151028
5151029
5151030
5152000
5152001
5152002
5152003
5152004
5152005
5152006
5152007
5152008
5152009
5152016
5152017
5152023
5152024
5152027
5152028
5152029
5152030
5152033
5152034
5152037
5152038
5152043
5152044
5152100
5152101
5152102
5152103
5152104
5152105
5152106
5152107
5153000
5153001
5153002
5153003
5153005
5153006
5153007
5153009
5153010
5153011
5153012
5153013
5154000
5160000
5160001
5160002
5160003
5160004
5160005
5160006
5160007
5160008
5160009
5160010
5160011
5160012
5160013
5160014
5160015
5160016
5160017
5170000
5180000
5190000
5190001
5190002
5190003
5190004
5190005
5190006
5190007
5190008
5191000
5191001
5191002
5191003
5191004
5200000
5200001
5200002
5201000
5201001
5201002
5201004
5201005
5210000
5210001
5210002
5210003
5210004
5210005
5211000
5211001
5211002
5211047
5211060
5220000
5220001
5220002
5220003
5220004
5220006
5220007
5220008
5220010
5220040
5221000
5222000
5230000
5240000
5240001
5240002
5240003
5240004
5240005
5240006
5240007
5240008
5240009
5240010
5240011
5240012
5240013
5240015
5240016
5240017
5240018
5240019
5240021
5240022
5240024
5240027
5251000
5251001
5251002
5251003
5251004
5251005
5251006
5251007
5251100
5252000
5252001
5252004
5252005
5252006
5253000
5253001
5253002
5253003
5253004
5280000
5281000
5281001
5310000
5320000
5330000
5340000
5340001
5350000
5350001
5350002
5360000
5360001
5360002
5360003
5360014
5360015
5360016
5370000
5370001
5380000
5390000
5390001
5390002
5390003
5390004
5390005
5390006
5400000
5420000
5420001
5420002
5420003
5420004
5420005
5420006
5430000
5440000
5450000
5450001
5460000
5470000
5480000
5480001
5480002
5480003
5480004
5480005
5480006
5480007
5480008
5480009
5480010
5480011
5490000
5490001
5500000
5500001
5500002
5500004
5510000
5520000
5530000
5531000
5532000
5532001
5532002
5550000
5570000
5580000
5581000
5581001
5581002
5590000
5590001
9000000
9000001
9000002
9000003
9100000
9101000
9101001
9101002
9101003
9101004
9101005
9101006
9101007
9101008
9101009
9101010
9101011
9101012
9101013
9101014
9101015
9101016
9101017
9101018
9101019
9101020
9101021
9101022
9101023
9101024
9101025
9101026
9101027
9101028
9101029
9101035
9101036
9101037
9101038
9101039
9101040
9101041
9101042
9101043
9101044
9101077
9101078
9101079
9101080
9101081
9101082
9101083
9101084
9101085
9101086
9101087
9101088
9101089
9101090
9101091
9101092
9101093
9101094
9101095
9101096
9101097
9101098
9101099
9101100
9101101
9101102
9101104
9101105
9101106
9101107
9101108
9101109
9101110
9101111
9101112
9101113
9101114
9101115
9101116
9101117
9101118
9101119
9101120
9101125
9101126
9101127
9101128
9101142
9101143
9101161
9101162
9101163
9101164
9101165
9101166
9101167
9101168
9101169
9101170
9101171
9101172
9101173
9101174
9101175
9101176
9101177
9101178
9101179
9101180
9101181
9101191
9101192
9101193
9101207
9101208
9101227
9101228
9101236
9101237
9101238
9101239
9101240
9101241
9101247
9101248
9101249
9101250
9101267
9101268
9101269
9101270
9101271
9101272
9101273
9101274
9101275
9101276
9101277
9101285
9101286
9101287
9101288
9101289
9101309
9101321
9101322
9101323
9101324
9101325
9101326
9101327
9101328
9101329
9101330
9101331
9101332
9101333
9101334
9101335
9101336
9101337
9101365
9101366
9101367
9101368
9101369
9101370
9101371
9101372
9101381
9101382
9101383
9101384
9101386
9101387
9101388
9101389
9101390
9101391
9101392
9101393
9101394
9101395
9101396
9101397
9101398
9101399
9101400
9101401
9101402
9101403
9101404
9101405
9101421
9101422
9101423
9101424
9101425
9101440
9101441
9101442
9101443
9101447
9101448
9101454
9101455
9101456
9101457
9101498
9101499
9101500
9101501
9101502
9101503
9101504
9101505
9101506
9101507
9101508
9101509
9101510
9101511
9101513
9101554
9101555
9101556
9101557
9101558
9101559
9101560
9101561
9101562
9101563
9101564
9101565
9101566
9101578
9101579
9101580
9101581
9101582
9101583
9101584
9101585
9101586
9101587
9101588
9101589
9101594
9101595
9101596
9101607
9101608
9101609
9101610
9101611
9101612
9101616
9101617
9101618
9101619
9101620
9101622
9101623
9101624
9101625
9101626
9101627
9101628
9101629
9101630
9101631
9101632
9101633
9101634
9101635
9101636
9101637
9101638
9101639
9101640
9101641
9101642
9101643
9101644
9101645
9101670
9101671
9101672
9101673
9101710
9101711
9101712
9101713
9101714
9101715
9101720
9101721
9101722
9101723
9101724
9101725
9101726
9101727
9101728
9101729
9101730
9101731
9101732
9101733
9101734
9101735
9101736
9101737
9101738
9101740
9101746
9101747
9101751
9101752
9101756
9101768
9101770
9101771
9101772
9101773
9101774
9101775
9101776
9101794
9101795
9101806
9101807
9101808
9101809
9101810
9101811
9101812
9101813
9101814
9101815
9101816
9101817
9101818
9101819
9101820
9101821
9101822
9101823
9101824
9101825
9101826
9101833
9101904
9101925
9101926
9101974
9101975
9101994
9101995
9101996
9101997
9101998
9101999
9102000
9102001
9102004
9102005
9102029
9102040
9102051
9102052
9102053
9102054
9102055
9102056
9102057
9102058
9102059
9102060
9102061
9102062
9102063
9102064
9102065
9102066
9102071
9102072
9102073
9102103
9102113
9102178
9102193
9102196
9102208
9110000
9111000
9112000
9113000
9114000
9115000
