0
10000
20000
30000
30001
40000
50000
1000000
1000001
1000002
1000003
1010000
1010100
1010200
1010300
1010400
1020000
1020100
1020200
1020300
1020400
1020500
2000000
2000001
2010000
100000000
100000001
100000002
100000003
100000004
100000005
100000006
100000100
100000101
100000102
100000103
100000104
100000105
100000200
100000201
100000202
100000203
100000204
100010000
100010100
100020000
100020100
100020101
100020102
100020103
100020104
100020105
100020106
100020107
100020108
100020109
100020110
100020111
100020112
100020113
100020114
100020115
100020116
100020117
100020118
100020119
100020120
100020121
100020122
100020123
100020124
100020125
100020126
100020127
100020128
100020129
100030000
100030001
100040000
100040001
100040002
100040003
100040004
100040100
100040101
100040102
100040103
100040104
100040105
100040106
100040110
100050000
101000000
101000001
101000002
101000003
101000004
101000100
101000101
101000102
101000103
101000104
101000200
101000300
101000301
101000400
101010000
101010100
101010101
101010102
101010103
101020000
101020001
101020002
101020003
101020004
101020005
101020006
101020007
101020008
101020009
101020010
101030000
101030001
101030100
101030101
101030102
101030103
101030104
101030105
101030106
101030107
101030108
101030109
101030110
101030111
101030112
101030200
101030300
101030400
101030401
101030402
101030403
101030404
101030405
101030406
101040000
101040001
101040002
101040003
102000000
102000001
102000002
102000003
102000004
102010000
102020000
102020100
102020200
102020300
102030000
102040000
102040001
102050000
103000000
103000001
103000002
103000003
103000004
103000005
103000006
103000008
103000100
103000101
103000102
103000103
103000104
103000105
103000200
103000201
103000202
103000800
103000801
103000802
103000803
103000804
103000805
103000890
103000900
103000901
103000902
103000903
103000904
103000905
103000906
103000907
103000908
103000909
103010000
103010001
103020000
103020100
103020200
103030000
103030100
103030200
104000000
104000001
104000002
104000003
104000004
104000100
104000200
104000300
104000400
104010000
104010001
104010002
104020000
104030000
104030001
104040000
104040001
104040002
105030000
105040000
105040100
105040200
105040201
105040300
105040301
105040302
105040303
105040304
105040305
105040306
105040310
105040311
105040312
105040313
105040314
105040315
105040316
105040320
105040321
105040322
105040323
105040324
105040325
105040326
105040327
105040328
105040329
105040330
105040331
105040332
105040333
105040334
105040335
105040336
105040337
105040338
105040339
105040340
105040341
105040342
105040343
105040344
105040345
105040346
105040347
105040348
105040349
105040350
105040351
105040352
105040353
105040354
105040355
105040356
105040357
105040358
105040359
105040400
105040401
105040402
105050000
105050100
105050101
105050102
105050103
105050104
105050105
105050106
105050107
105050108
105050109
105050110
105050111
105050112
105050113
105050114
105050115
105050116
105050117
105050118
105050119
105050120
105050121
105050122
105050123
105050124
105050125
105050126
105050127
105050128
105050129
105050130
105050200
105050300
105050400
105060000
105060100
105070000
105070001
105070002
105070100
105070200
105070300
105070400
105080000
105090000
105090100
105090200
105090300
105090301
105090310
105090311
105090312
105090320
105090321
105090322
105090323
105090324
105090325
105090326
105090327
105090328
105090329
105090330
105090331
105090332
105090333
105090334
105090335
105090336
105090337
105090338
105090339
105090400
105090500
105090600
105090700
105090800
105090900
105100000
105100100
105100101
105100300
105100301
105100400
105100401
106000000
106000001
106000002
106000003
106000100
106000101
106000110
106000120
106000130
106000140
106000200
106000300
106010000
106010100
106010101
106010102
106010103
106010104
106010105
106010106
106020000
106020001
106020100
106020200
106020300
106020400
106020401
106020402
106020403
106020500
106020501
106020502
106020600
106020601
106020700
106020800
106020900
106021000
106021001
106021002
106021003
106021004
106021005
106021006
106021007
106021008
106021009
106021010
106021100
106021200
106021201
106021300
106021400
106021401
106021402
106021500
106021501
106021502
106021503
106021504
106021505
106021506
106021507
106021508
106021509
106021600
106021601
106021602
106021603
106021604
106021605
106021606
106021607
106021608
106021609
106021700
106021800
107000000
107000001
107000100
107000200
107000300
107000301
107000400
107000401
107000402
107000403
107000500
107000501
108000100
108000101
108000102
108000200
108000201
108000202
108000300
108000301
108000302
108000400
108000401
108000402
108000500
108000501
108000502
108000503
108000600
108000601
108000602
108000700
108000701
108000702
108000703
108000704
108000705
108000706
108000707
108000708
108000709
108000710
108000711
108000712
108000713
108000714
108000715
108000716
108000717
108000718
108000719
108010100
108010101
108010200
108010201
108010300
108010301
108010400
108010401
108010500
108010501
108010600
108010610
108010620
108010630
108010640
108010700
108010701
108010702
109010000
109010100
109010101
109010102
109010103
109010104
109010105
109010106
109010107
109010108
109010109
109010110
109010200
109010201
109010202
109010203
109010204
109010205
109010206
109010300
109010301
109010302
109010303
109010400
109010401
109010402
109010403
109020001
109030001
109030002
109030003
109030101
109030102
109030103
109030201
109030202
109030203
109030301
109030302
109030303
109030401
109030402
109030403
109040000
109040001
109040002
109040003
109040004
109050000
109050001
109060000
109060001
109060002
109060003
109060004
109060005
109070000
109080000
109080001
109080002
109080003
109080010
109080011
109080012
110000000
110010000
110020000
110020001
110030000
110030001
110040000
120000000
120000100
120000101
120000102
120000103
120000104
120000200
120000201
120000202
120000300
120000301
120010000
130000000
130000100
130000110
130000120
130000200
130000210
130010000
130010010
130010020
130010100
130010110
130010120
130010200
130010210
130010220
130020000
130030000
130030001
130030002
130030003
130030004
130030005
130030006
140000000
140000001
140000010
140000011
140000012
140010000
140010100
140010110
140010200
140010210
140020000
140020100
140020110
140020200
140020300
140030000
140090000
140090100
140090200
140090300
140090400
140090500
180000000
180000001
190000000
190000001
190000002
191000000
191000001
192000000
192000001
193000000
195000000
195010000
195020000
195030000
196000000
196010000
197000000
197010000
200000000
200000001
200000002
200000100
200000110
200000111
200000112
200000120
200000121
200000122
200000130
200000131
200000132
200000140
200000141
200000150
200000151
200000152
200000160
200000161
200000200
200000201
200000202
200000203
200000300
200000301
200010000
200010100
200010110
200010111
200010120
200010121
200010130
200010131
200010200
200010300
200010301
200010302
200020000
200030000
200040000
200040001
200050000
200050001
200060000
200060001
200070000
200080000
200080100
200080101
200080200
200080300
200080400
200080500
200080600
200080700
200080800
200080900
200081000
200081100
200081200
200081201
200081300
200081400
200081500
200081600
200081700
200081800
200081900
200082000
200082100
200082200
200082300
200082301
200090000
200090001
200090010
200090011
200090020
200090021
200090022
200090023
200090024
200090025
200090026
200090027
200090028
200090029
200090030
200090031
200090032
200090033
200090034
200090035
200090036
200090037
200090038
200090039
200090040
200090041
200090042
200090043
200090044
200090045
200090046
200090047
200090048
200090049
200090050
200090051
200090052
200090053
200090054
200090055
200090056
200090057
200090058
200090059
200090060
200090061
200090062
200090063
200090064
200090065
200090066
200090067
200090068
200090069
200090070
200090071
200090072
200090073
200090074
200090075
200090076
200090077
200090078
200090079
200090100
200090110
200090200
200090210
200090300
200090310
200090400
200090410
200090500
200090510
201000000
201000200
201000201
209000000
209000001
209000002
209000003
209000004
209000005
209000006
209000007
209000008
209000009
209000010
209000011
209000012
209000013
209000014
209000015
209080000
209080100
211000000
211000001
211000100
211000101
211000102
211000200
211010000
211020000
211030000
211040000
211040001
211040100
211040101
211040102
211040200
211040300
211040400
211040401
211040500
211040600
211040700
211040800
211040900
211041000
211041100
211041200
211041300
211041400
211041500
211041600
211041700
211041800
211041900
211042000
211042100
211042101
211042200
211042300
211042400
211050000
220000000
220000001
220000002
220000003
220000004
220000005
220000006
220000100
220000110
220000111
220000300
220000301
220000302
220000303
220000304
220000305
220000306
220000307
220000400
220000500
220010000
220010001
220010100
220010200
220010300
220010400
220010500
220010600
220010700
220010800
220010900
220011000
220011001
220020000
220020100
220020200
220020300
220020400
220020500
220020600
220030000
220030100
220030200
220030300
220030400
220040000
220040100
220040200
220040300
220040400
220050000
220050100
220050200
220050300
220060000
220060100
220060200
220060201
220060300
220060301
220060400
220070000
220070100
220070200
220070201
220070300
220070301
220070400
220080000
220080001
221000000
221000001
221000100
221000200
221000300
221000400
221020000
221020100
221020200
221020300
221020400
221020500
221020600
221020700
221020701
221020800
221020900
221021000
221021100
221021200
221021300
221021400
221021500
221021600
221021700
221021800
221021900
221022000
221022100
221022200
221022300
221022400
221022500
221022600
221022700
221022800
221022900
221023000
221023100
221023200
221023300
221023400
221023401
221023402
221023403
221023404
221023405
221023406
221023407
221023408
221023409
221023410
221023411
221023412
221023413
221023414
221023415
221023416
221023417
221023418
221023419
221023420
221023421
221023422
221023423
221023424
221023425
221023500
221023600
221023700
221023800
221023900
221024000
221024100
221024200
221024300
221024400
221024500
221030000
221030100
221030200
221030300
221030301
221030400
221030401
221030500
221030501
221030600
221030601
221040000
221040100
221040200
221040201
221040300
221040301
221040400
221040401
221040402
222000000
222000001
222010000
222010001
222010002
222010100
222010101
222010102
222010200
222010201
222010300
222010310
222010400
222010401
222010402
222020000
222020100
222020110
222020111
222020200
222020210
222020211
222020300
222020400
229000000
229000010
229000020
229000030
229000040
229000100
229000200
229000210
229000211
229000212
229000220
229000300
229000310
229000311
229010000
229010100
229020000
229020100
229020200
229020300
229020400
229030000
229030100
229030200
229030300
229030400
229030500
229030600
229030700
229030800
229030900
230000000
230000001
230000002
230000003
230010000
230010001
230010100
230010200
230010201
230010300
230010400
230020000
230020100
230020101
230020200
230020201
230020300
230030000
230030001
230030100
230030101
230030200
230040000
230040001
230040100
230040200
230040300
230040301
230040400
230040401
230040410
230040420
240000000
240000001
240000002
240000003
240000004
240000005
240000006
240000100
240000110
240000111
240010000
240010100
240010101
240010200
240010300
240010400
240010500
240010501
240010600
240010700
240010800
240010900
240010901
240011000
240020000
240020100
240020101
240020102
240020200
240020300
240020400
240020401
240020402
240020500
240020501
240020502
240020503
240020504
240020505
240020506
240020507
240020508
240020509
240020510
240020511
240020512
240020513
240020514
240020515
240020516
240020517
240020518
240020519
240020520
240020600
240030000
240030100
240030101
240030102
240030103
240030104
240030200
240030300
240040000
240040100
240040200
240040210
240040300
240040310
240040400
240040401
240040500
240040510
240040511
240040520
240040521
240040600
240040610
240040611
240040700
240040800
240040801
240040802
240040803
240040804
240040805
240040806
240040807
240040808
240040809
240040810
240040811
240040812
240040813
240040814
240040815
240040816
240040817
240040818
240040819
240040820
240040821
240040822
240040823
240040824
240040825
240040826
240040827
240040828
240040829
240040900
240040901
240040902
240040903
240040904
240040905
240040906
240040907
240040908
240040909
240040910
240040911
240040912
240040913
240040914
240040915
240040916
240040917
240040918
240040919
240050000
240050100
240050101
240050102
240050103
240050104
240050105
240050200
240050300
240050310
240050400
240050500
240050600
240060000
240060100
240060200
250000000
250000001
250000002
250000003
250000100
250010000
250010100
250010200
250010300
250010301
250010302
250010303
250010304
250010400
250010500
250010501
250010502
250010503
250010504
250010600
250010700
250020000
250020100
250020200
250020300
251000000
251000100
251010000
251010100
251010101
251010102
251010200
251010300
251010400
251010401
251010402
251010403
251010404
251010410
251010411
251010412
251010413
251010414
251010415
251010416
251010417
251010418
251010419
251010420
251010421
251010422
251010423
251010424
251010425
251010426
251010427
251010428
251010429
251010500
260000000
260000100
260000110
260000200
260000201
260000202
260000203
260000204
260000205
260000206
260000207
260000300
260000301
260000302
260000303
260010000
260010001
260010100
260010200
260010201
260010300
260010301
260010400
260010401
260010402
260010500
260010501
260010600
260010700
260020000
260020100
260020200
260020300
260020400
260020401
260020500
260020600
260020610
260020620
260020630
260020631
260020632
260020633
260020634
260020635
260020636
260020637
260020638
260020639
260020640
260020641
260020642
260020643
260020644
260020645
260020646
260020647
260020648
260020649
260020650
260020651
260020652
260020653
260020654
260020655
260020656
260020657
260020658
260020659
260020660
260020661
260020662
260020663
260020664
260020700
261000000
261000001
261000002
261000010
261000011
261000020
261000021
261010000
261010001
261010002
261010003
261010100
261010101
261010102
261010103
261020000
261020100
261020200
261020300
261020301
261020302
261020303
261020304
261020305
261020306
261020307
261020308
261020309
261020310
261020311
261020312
261020313
261020314
261020315
261020316
261020317
261020318
261020319
261020320
261020321
261020322
261020323
261020324
261020325
261020326
261020327
261020328
261020329
261020330
261020331
261020332
261020333
261020334
261020335
261020336
261020337
261020338
261020339
261020340
261020400
261020401
261020500
261020600
261020700
261030000
261030001
261040000
270000000
270000100
270010000
270010100
270010110
270010111
270010200
270010210
270010300
270010310
270010400
270010410
270010500
270020000
270020100
270020110
270020200
270020210
270020211
270020300
270020310
270020400
270020410
270020500
270030000
270030100
270030110
270030200
270030210
270030300
270030310
270030400
270030410
270030411
270030500
270040000
270040100
270050000
270050100
270050200
270050300
280010000
280010010
280010011
280010020
280010030
280010031
280010040
280010041
280010050
280010060
280010070
280010071
280010080
280010081
280010090
280010091
280010100
280010101
280010110
280010120
280010130
280010140
280010150
280011000
280011001
280011002
280011003
280011004
280011005
280011006
280020000
280020001
280030000
280090000
300000000
300000001
300000002
300000010
300000011
300000012
300000100
300010000
300010100
300010200
300010300
300010400
300020000
300020100
300020200
300030000
300030100
500000000
500010000
500010100
500020000
500020100
500020101
500020200
500020300
500020400
540000000
540000100
540000200
540000300
540010000
540010001
540010002
540010100
540010101
540020000
540020100
541000000
541000100
541000200
541000300
541010000
541010010
541010020
541010030
541010040
541010050
541010060
541010100
541010110
541020000
541020100
541020200
541020300
541020400
541020500
541020600
541020610
541020700
541020800
550000000
550000100
550000200
550000300
550000400
551000000
551000100
551000200
551010000
551020000
551030000
551030001
551030002
551030003
551030004
551030005
551030006
551030007
551030008
551030009
551030010
551030011
551030012
551030013
551030014
551030015
551030016
551030017
551030018
551030019
551030020
551030100
551030200
600000000
600000001
600010000
600010001
600010002
600010003
600010004
600010005
600010100
600010200
600010300
600010400
600010500
600010600
600020000
600020100
600020200
600020300
600020400
600020500
600020600
674030000
674030100
674030200
674030300
677000000
677000001
677000002
677000003
677000004
677000005
677000006
677000007
677000008
677000009
677000010
677000011
677000012
677000013
680100000
680100001
680100002
680100003
682000000
682000100
682000200
682000300
682000301
682000302
682000303
682000304
682000305
682000306
682000400
682000401
682000402
682000403
682000404
682000405
682000406
682000500
682000501
682000502
682000503
682000504
682000505
682000506
682000600
682000601
682000602
682000603
682000604
682000605
682000606
682000700
682000800
682000900
700000000
700000100
700000101
700000200
701000000
701000100
701000200
701000201
701000202
701000203
701000210
701010000
701010100
701010200
701010300
701010310
701010320
701010321
701010322
701010323
701010324
701010400
701010500
701010600
702000000
702010000
702020000
702030000
702040000
702050000
702060000
702070100
702070200
702070300
702070400
702080000
702090101
702090102
702090103
702090201
702090202
702090203
702090301
702090302
702090303
702090400
702100000
702200001
702300000
702300001
702300002
702300003
702300004
702300005
702300006
702300007
702300008
702300009
702300010
709000400
709000604
709000605
709000700
741000200
741000201
741000202
741000203
741000204
741000205
741000206
741000207
741000208
749020000
749020100
749020200
749020300
749020400
749020500
749020600
749020700
749020800
749020900
749020910
749020920
749030000
749040100
749040101
749040102
780000000
780000001
780000002
780000003
780000004
780000005
780000006
781000000
781000001
781000002
781000003
782000000
782000001
782000002
800000000
800010000
800010001
800010100
800020000
800020100
800020101
800020110
800020120
800020130
800020200
800020300
800020400
800030000
801000000
801000001
801000002
801000100
801000110
801000200
801000210
801000300
801010000
801020000
801030000
803000400
803000500
803000501
803000502
803000505
803000509
803000510
803000519
803000520
803000700
803000800
803000900
803001000
803001100
803001110
803001120
803001121
803001122
803001130
803001140
803001150
803001200
803001300
803001400
803010700
803010800
803010900
803011000
803011100
803011110
803011120
803011121
803011122
803011130
803011140
803011150
803011200
803011300
803011400
803100000
803200000
809000101
809000201
809030000
810000000
889100000
889100001
889100002
889100010
889100011
889100012
889100020
889100021
889100022
889100100
900000000
910000000
910000001
910000002
910000003
910000004
910000005
910000006
910000007
910000008
910000009
910000010
910000011
910000012
910000013
910000014
910000015
910000016
910000017
910000018
910000019
910000020
910000021
910000022
910010000
910010100
910010200
910010300
910010400
910050000
910060000
910060001
910060002
910060003
910060004
910100000
910100001
910110000
910120000
910120001
910120002
910120003
910120004
910200000
910200001
910200002
910210000
910220000
910220001
910220002
910220003
910220004
910300000
910310000
910310001
910310002
910310003
910310004
910320000
910320001
910320010
910320011
910320012
910320013
910320014
910320015
910320016
910320017
910320018
910320019
910320020
910320021
910320022
910320023
910320024
910320025
910320026
910320027
910320028
910320029
910320100
910320101
910320102
910320103
910320104
910320200
910320201
910320202
910320203
910320204
910320300
910320301
910320302
910320303
910320304
910330001
910330100
910330101
910330102
910330103
910330104
910330105
910330106
910330107
910330108
910330109
910330200
910330201
910330202
910330203
910330204
910330205
910330206
910330207
910330208
910330209
910330300
910330301
910330302
910330303
910330304
910330305
910330306
910330307
910330308
910330309
910400000
910500000
910500100
910500200
910510000
910510001
910510100
910510200
910510201
910510202
910520000
910520001
910520002
910520003
910520004
912000000
912000100
912010000
912010100
912010200
912020000
912030000
912030001
912030002
912030003
912030004
913000000
913000100
913000200
913010000
913010100
913010200
913010300
913020000
913020100
913020200
913020300
913030000
913040000
913040001
913040002
913040003
913040004
913040005
913040006
913040011
913040100
913040101
913040102
913040103
913040104
913040105
913040106
914000000
914000100
914000200
914000210
914000220
914000300
914000400
914000410
914000420
914000500
914010000
914010100
914010200
914020000
914030000
914090000
914090001
914090002
914090003
914090004
914090005
914090006
914090007
914090010
914090011
914090012
914090013
914090014
914090015
914090100
914090200
914090201
920010000
920010100
920010200
920010300
920010400
920010500
920010600
920010601
920010602
920010603
920010604
920010700
920010800
920010900
920010910
920010911
920010912
920010920
920010921
920010922
920010930
920010931
920010932
920011000
920011100
920011200
920011300
920020000
920030000
920030001
921100000
921100100
921100200
921100210
921100300
921100301
921110000
922000000
922000009
922000010
922000020
922000021
922010000
922010100
922010200
922010201
922010300
922010400
922010401
922010402
922010403
922010404
922010405
922010500
922010501
922010502
922010503
922010504
922010505
922010506
922010600
922010700
922010800
922010900
922011000
922011100
922020000
922020100
922020200
922020300
922200000
922210000
922210100
922210200
922210300
922210400
922210500
922210600
922210700
922210800
922210900
922220000
923000000
923000100
923010000
923010100
924000000
924000001
924000002
924000100
924010000
924010100
924010200
925000000
925010000
925010100
925010200
925010300
925010400
925020000
925020001
925020002
925020003
925020010
925020011
925020012
925020013
925020014
925020100
925020101
925020102
925020103
925020104
925020105
925020106
925020107
925020108
925020109
925020200
925020201
925020202
925020203
925020204
925020205
925020206
925020207
925020208
925020209
925020300
925020301
925020302
925020303
925020304
925020305
925020306
925020307
925020308
925020309
925020400
925020401
925020402
925020403
925020404
925020405
925020406
925020407
925020408
925020409
925020500
925020501
925020502
925020503
925020504
925020505
925020506
925020507
925020508
925020509
925020600
925020601
925020602
925020603
925020604
925020605
925020606
925020607
925020608
925020609
925020610
925020700
925020701
925020702
925020703
925020704
925020705
925020706
925020707
925020708
925020709
925020800
925020801
925020802
925020803
925020804
925020805
925020806
925020807
925020808
925020809
925020900
925020901
925020902
925020903
925020904
925020905
925020906
925020907
925020908
925020909
925021000
925021001
925021002
925021003
925021004
925021005
925021006
925021007
925021008
925021009
925021100
925021101
925021102
925021103
925021104
925021105
925021106
925021107
925021108
925021109
925021200
925021201
925021202
925021203
925021204
925021205
925021206
925021207
925021208
925021209
925021300
925021301
925021302
925021303
925021304
925021305
925021306
925021307
925021308
925021309
925021400
925021401
925021402
925021403
925021404
925021405
925021406
925021407
925021408
925021409
925021500
925021501
925021502
925021503
925021504
925021505
925021506
925021507
925021508
925021509
925021600
925021601
925021602
925021603
925021604
925021605
925021606
925021607
925021608
925021609
925021700
925021701
925021702
925021703
925021704
925021705
925021706
925021707
925021708
925021709
925021800
925021801
925021802
925021803
925021804
925021805
925021806
925021807
925021808
925021809
925021900
925021901
925021902
925021903
925021904
925021905
925021906
925021907
925021908
925021909
925022000
925022001
925022002
925022003
925022004
925022005
925022006
925022007
925022008
925022009
925022100
925022101
925022102
925022103
925022104
925022105
925022106
925022107
925022108
925022109
925022200
925022201
925022202
925022203
925022204
925022205
925022206
925022207
925022208
925022209
925022300
925022301
925022302
925022303
925022304
925022305
925022306
925022307
925022308
925022309
925022400
925022401
925022402
925022403
925022404
925022405
925022406
925022407
925022408
925022409
925022500
925022501
925022502
925022503
925022504
925022505
925022506
925022507
925022508
925022509
925022600
925022601
925022602
925022603
925022604
925022605
925022606
925022607
925022608
925022609
925022700
925022701
925022702
925022703
925022704
925022705
925022706
925022707
925022708
925022709
925022800
925022801
925022802
925022803
925022804
925022805
925022806
925022807
925022808
925022809
925022900
925022901
925022902
925022903
925022904
925022905
925022906
925022907
925022908
925022909
925023000
925023001
925023002
925023003
925023004
925023005
925023006
925023007
925023008
925023009
925023100
925023101
925023102
925023103
925023104
925023105
925023106
925023107
925023108
925023109
925023200
925023201
925023202
925023203
925023204
925023205
925023206
925023207
925023208
925023209
925023300
925023301
925023302
925023303
925023304
925023305
925023306
925023307
925023308
925023309
925023400
925023401
925023402
925023403
925023404
925023405
925023406
925023407
925023408
925023409
925023500
925023501
925023502
925023503
925023504
925023505
925023506
925023507
925023508
925023509
925023600
925023601
925023602
925023603
925023604
925023605
925023606
925023607
925023608
925023609
925023700
925023701
925023702
925023703
925023704
925023705
925023706
925023707
925023708
925023709
925023800
925023801
925023802
925023803
925023804
925023805
925023806
925023807
925023808
925023809
925030100
925030101
925030102
925030103
925030104
925030200
925030201
925030202
925030203
925030204
925030300
925030301
925030302
925030303
925030304
925030400
925030401
925030402
925030403
925030404
925030500
925030501
925030502
925030503
925030504
925030600
925030601
925030602
925030603
925030604
925030700
925030701
925030702
925030703
925030704
925030800
925030801
925030802
925030803
925030804
925030900
925030901
925030902
925030903
925030904
925031000
925031001
925031002
925031003
925031004
925031100
925031101
925031102
925031103
925031104
925031200
925031201
925031202
925031203
925031204
925031300
925031301
925031302
925031303
925031304
925031400
925031401
925031402
925031403
925031404
925031500
925031501
925031502
925031503
925031504
925031600
925031601
925031602
925031603
925031604
925031700
925031701
925031702
925031703
925031704
925031800
925031801
925031802
925031803
925031804
925031900
925031901
925031902
925031903
925031904
925032000
925032001
925032002
925032003
925032004
925032100
925032101
925032102
925032103
925032104
925032200
925032201
925032202
925032203
925032204
925032300
925032301
925032302
925032303
925032304
925032400
925032401
925032402
925032403
925032404
925032500
925032501
925032502
925032503
925032504
925032600
925032601
925032602
925032603
925032604
925032700
925032701
925032702
925032703
925032704
925032800
925032801
925032802
925032803
925032804
925032900
925032901
925032902
925032903
925032904
925033000
925033001
925033002
925033003
925033004
925033100
925033101
925033102
925033103
925033104
925033200
925033201
925033202
925033203
925033204
925033300
925033301
925033302
925033303
925033304
925033400
925033401
925033402
925033403
925033404
925033500
925033501
925033502
925033503
925033504
925033600
925033601
925033602
925033603
925033604
925033700
925033701
925033702
925033703
925033704
925033800
925033801
925033802
925033803
925033804
925040000
925040001
925040100
925100000
925100100
925100200
925100201
925100202
925100300
925100301
925100302
925100400
925100500
925100600
925100700
926000000
926000010
926010000
926010001
926010002
926010003
926010004
926010010
926010011
926010012
926010013
926010014
926010015
926010016
926010017
926010018
926010019
926010020
926010021
926010022
926010023
926010024
926010025
926010026
926010027
926010028
926010029
926010030
926010031
926010032
926010033
926010034
926010035
926010036
926010037
926010038
926010039
926010040
926010041
926010042
926010043
926010044
926010045
926010046
926010047
926010048
926010049
926010050
926010051
926010052
926010053
926010054
926010055
926010056
926010057
926010058
926010059
926010060
926010061
926010062
926010063
926010064
926010065
926010066
926010067
926010068
926010069
926010070
926010071
926010072
926010073
926010074
926010075
926010076
926010077
926010078
926010079
926010080
926010081
926010082
926010083
926010084
926010085
926010086
926010087
926010088
926010089
926010100
926010101
926010102
926010103
926010104
926010200
926010201
926010202
926010203
926010204
926010300
926010301
926010302
926010303
926010304
926010400
926010401
926010402
926010403
926010404
926010500
926010501
926010502
926010503
926010504
926011100
926011101
926011102
926011103
926011104
926011200
926011201
926011202
926011203
926011204
926011300
926011301
926011302
926011303
926011304
926011400
926011401
926011402
926011403
926011404
926011500
926011501
926011502
926011503
926011504
926012100
926012101
926012102
926012103
926012104
926012200
926012201
926012202
926012203
926012204
926012300
926012301
926012302
926012303
926012304
926012400
926012401
926012402
926012403
926012404
926012500
926012501
926012502
926012503
926012504
926013100
926013101
926013102
926013103
926013104
926013200
926013201
926013202
926013203
926013204
926013300
926013301
926013302
926013303
926013304
926013400
926013401
926013402
926013403
926013404
926013500
926013501
926013502
926013503
926013504
926020001
926020002
926020003
926020004
926020100
926020101
926020102
926020103
926020104
926020105
926020106
926020107
926020108
926020109
926020200
926020201
926020202
926020203
926020204
926020205
926020206
926020207
926020208
926020209
926020300
926020301
926020302
926020303
926020304
926020305
926020306
926020307
926020308
926020309
926020400
926020401
926020402
926020403
926020404
926020405
926020406
926020407
926020408
926020409
926020500
926020501
926020502
926020503
926020504
926020505
926020506
926020507
926020508
926020509
926021100
926021101
926021102
926021103
926021104
926021105
926021106
926021107
926021108
926021109
926021200
926021201
926021202
926021203
926021204
926021205
926021206
926021207
926021208
926021209
926021300
926021301
926021302
926021303
926021304
926021305
926021306
926021307
926021308
926021309
926021400
926021401
926021402
926021403
926021404
926021405
926021406
926021407
926021408
926021409
926021500
926021501
926021502
926021503
926021504
926021505
926021506
926021507
926021508
926021509
926022100
926022101
926022102
926022103
926022104
926022105
926022106
926022107
926022108
926022109
926022200
926022201
926022202
926022203
926022204
926022205
926022206
926022207
926022208
926022209
926022300
926022301
926022302
926022303
926022304
926022305
926022306
926022307
926022308
926022309
926022400
926022401
926022402
926022403
926022404
926022405
926022406
926022407
926022408
926022409
926022500
926022501
926022502
926022503
926022504
926022505
926022506
926022507
926022508
926022509
926023100
926023101
926023102
926023103
926023104
926023105
926023106
926023107
926023108
926023109
926023200
926023201
926023202
926023203
926023204
926023205
926023206
926023207
926023208
926023209
926023300
926023301
926023302
926023303
926023304
926023305
926023306
926023307
926023308
926023309
926023400
926023401
926023402
926023403
926023404
926023405
926023406
926023407
926023408
926023409
926023500
926023501
926023502
926023503
926023504
926023505
926023506
926023507
926023508
926023509
926100000
926100001
926100100
926100200
926100201
926100202
926100203
926100300
926100301
926100302
926100303
926100304
926100400
926100401
926100500
926100600
926100700
926110000
926110001
926110100
926110200
926110201
926110202
926110203
926110300
926110301
926110302
926110303
926110304
926110400
926110401
926110500
926110600
926110700
926120000
926120100
926120200
926120300
926130000
926130100
926130101
926130102
926130103
926130200
926130201
926130203
930000000
930000010
930000100
930000200
930000300
930000400
930000500
930000600
930000700
930000800
930010000
970000000
970000001
970000002
970000003
970000004
970000005
970010000
970020000
970020001
970020002
970020003
970020004
970020005
970030000
970030001
970030002
970030003
970030004
970030005
970030006
970030007
970030008
970030009
970030010
970030020
970030100
970030101
970030102
970030103
970030104
970030105
970030106
970030107
970030108
970030109
970030110
970030111
970030200
970030201
970030202
970030203
970030204
970030205
970030206
970030207
970030208
970030209
970030210
970030211
970030300
970030301
970030302
970030303
970030304
970030305
970030306
970030307
970030308
970030309
970030310
970030311
970030400
970030401
970030402
970030403
970030404
970030405
970030406
970030407
970030408
970030409
970030410
970030411
970030500
970030501
970030502
970030503
970030504
970030505
970030506
970030507
970030508
970030509
970030510
970030511
970030600
970030601
970030602
970030603
970030604
970030605
970030606
970030607
970030608
970030609
970030610
970030611
970030700
970030701
970030702
970030703
970030704
970030705
970030706
970030707
970030708
970030709
970030710
970030711
970030800
970030801
970030802
970030803
970030804
970030805
970030806
970030807
970030808
970030809
970030810
970030811
970030900
970030901
970030902
970030903
970030904
970030905
970030906
970030907
970030908
970030909
970030910
970030911
970031000
970031001
970031002
970031003
970031004
970031005
970031006
970031007
970031008
970031009
970031010
970031011
970031100
970031101
970031102
970031103
970031104
970031105
970031106
970031107
970031108
970031109
970031110
970031111
970031200
970031201
970031202
970031203
970031204
970031205
970031206
970031207
970031208
970031209
970031210
970031211
970031300
970031301
970031302
970031303
970031304
970031305
970031306
970031307
970031308
970031309
970031310
970031311
970031400
970031401
970031402
970031403
970031404
970031405
970031406
970031407
970031408
970031409
970031410
970031411
970031500
970031501
970031502
970031503
970031504
970031505
970031506
970031507
970031508
970031509
970031510
970031511
970031600
970031601
970031602
970031603
970031604
970031605
970031606
970031607
970031608
970031609
970031610
970031611
970031700
970031701
970031702
970031703
970031704
970031705
970031706
970031707
970031708
970031709
970031710
970031711
970031800
970031801
970031802
970031803
970031804
970031805
970031806
970031807
970031808
970031809
970031810
970031811
970031900
970031901
970031902
970031903
970031904
970031905
970031906
970031907
970031908
970031909
970031910
970031911
970032000
970032001
970032002
970032003
970032004
970032005
970032006
970032007
970032008
970032009
970032010
970032011
970032100
970032101
970032102
970032103
970032104
970032105
970032106
970032107
970032108
970032109
970032110
970032111
970032200
970032201
970032202
970032203
970032204
970032205
970032206
970032207
970032208
970032209
970032210
970032211
970032300
970032301
970032302
970032303
970032304
970032305
970032306
970032307
970032308
970032309
970032310
970032311
970032400
970032401
970032402
970032403
970032404
970032405
970032406
970032407
970032408
970032409
970032410
970032411
970032500
970032501
970032502
970032503
970032504
970032505
970032506
970032507
970032508
970032509
970032510
970032511
970032600
970032601
970032602
970032603
970032604
970032605
970032606
970032607
970032608
970032609
970032610
970032611
970032700
970032701
970032702
970032703
970032704
970032705
970032706
970032707
970032708
970032709
970032710
970032711
970033000
970040100
970040101
970040102
970040103
970040104
970040105
970040106
970040107
970040108
970040109
970040110
970040111
970040112
970040113
970040114
970040115
970040116
970040117
970040200
970040201
970040202
970040203
970040204
970040205
970040206
970040207
970040208
970040209
970040210
970040211
970040212
970040213
970040214
970040215
970040216
970040217
970040300
970040301
970040302
970040303
970040304
970040305
970040306
970040307
970040308
970040309
970040310
970040311
970040312
970040313
970040314
970040315
970040316
970040317
970040400
970040401
970040402
970040403
970040404
970040405
970040406
970040407
970040408
970040409
970040410
970040411
970040412
970040413
970040414
970040415
970040416
970040417
970040500
970040501
970040502
970040503
970040504
970040505
970040506
970040507
970040508
970040509
970040510
970040511
970040512
970040513
970040514
970040515
970040516
970040517
970040600
970040601
970040602
970040603
970040604
970040605
970040606
970040607
970040608
970040609
970040610
970040611
970040612
970040613
970040614
970040615
970040616
970040617
970040700
970040701
970040702
970040703
970040704
970040705
970040706
970040707
970040708
970040709
970040710
970040711
970040712
970040713
970040714
970040715
970040716
970040717
970040800
970040801
970040802
970040803
970040804
970040805
970040806
970040807
970040808
970040809
970040810
970040811
970040812
970040813
970040814
970040815
970040816
970040817
970040900
970040901
970040902
970040903
970040904
970040905
970040906
970040907
970040908
970040909
970040910
970040911
970040912
970040913
970040914
970040915
970040916
970040917
970041000
970041001
970041002
970041003
970041004
970041005
970041006
970041007
970041008
970041009
970041010
970041011
970041012
970041013
970041014
970041015
970041016
970041017
970041100
970041101
970041102
970041103
970041104
970041105
970041106
970041107
970041108
970041109
970041110
970041111
970041112
970041113
970041114
970041115
970041116
970041117
970041200
970041201
970041202
970041203
970041204
970041205
970041206
970041207
970041208
970041209
970041210
970041211
970041212
970041213
970041214
970041215
970041216
970041217
970041300
970041301
970041302
970041303
970041304
970041305
970041306
970041307
970041308
970041309
970041310
970041311
970041312
970041313
970041314
970041315
970041316
970041317
970041400
970041401
970041402
970041403
970041404
970041405
970041406
970041407
970041408
970041409
970041410
970041411
970041412
970041413
970041414
970041415
970041416
970041417
970041500
970041501
970041502
970041503
970041504
970041505
970041506
970041507
970041508
970041509
970041510
970041511
970041512
970041513
970041514
970041515
970041516
970041517
970041600
970041601
970041602
970041603
970041604
970041605
970041606
970041607
970041608
970041609
970041610
970041611
970041612
970041613
970041614
970041615
970041616
970041617
970041700
970041701
970041702
970041703
970041704
970041705
970041706
970041707
970041708
970041709
970041710
970041711
970041712
970041713
970041714
970041715
970041716
970041717
970041800
970041801
970041802
970041803
970041804
970041805
970041806
970041807
970041808
970041809
970041810
970041811
970041812
970041813
970041814
970041815
970041816
970041817
970041900
970041901
970041902
970041903
970041904
970041905
970041906
970041907
970041908
970041909
970041910
970041911
970041912
970041913
970041914
970041915
970041916
970041917
970042000
970042001
970042002
970042003
970042004
970042005
970042006
970042007
970042008
970042009
970042010
970042011
970042012
970042013
970042014
970042015
970042016
970042017
970042100
970042101
970042102
970042103
970042104
970042105
970042106
970042107
970042108
970042109
970042110
970042111
970042112
970042113
970042114
970042115
970042116
970042117
970042200
970042201
970042202
970042203
970042204
970042205
970042206
970042207
970042208
970042209
970042210
970042211
970042212
970042213
970042214
970042215
970042216
970042217
970042300
970042301
970042302
970042303
970042304
970042305
970042306
970042307
970042308
970042309
970042310
970042311
970042312
970042313
970042314
970042315
970042316
970042317
970042400
970042401
970042402
970042403
970042404
970042405
970042406
970042407
970042408
970042409
970042410
970042411
970042412
970042413
970042414
970042415
970042416
970042417
970042500
970042501
970042502
970042503
970042504
970042505
970042506
970042507
970042508
970042509
970042510
970042511
970042512
970042513
970042514
970042515
970042516
970042517
970042600
970042601
970042602
970042603
970042604
970042605
970042606
970042607
970042608
970042609
970042610
970042611
970042612
970042613
970042614
970042615
970042616
970042617
970042700
970042701
970042702
970042703
970042704
970042705
970042706
970042707
970042708
970042709
970042710
970042711
970042712
970042713
970042714
970042715
970042716
970042717
980000000
980000010
980000100
980000101
980000102
980000103
980000104
980000200
980000201
980000202
980000203
980000204
980000300
980000301
980000302
980000303
980000304
980000400
980000401
980000402
980000403
980000404
980000500
980000501
980000502
980000503
980000504
980000600
980000601
980000602
980000603
980000604
980010000
980010010
980010020
980010100
980010101
980010200
980010201
980010300
980010301
980030000
980030010
980031000
980031001
980031002
980031003
980031004
980031005
980031006
980031007
980031008
980031009
980031100
980031101
980031102
980031103
980031104
980031105
980031106
980031107
980031108
980031109
980031200
980031201
980031202
980031203
980031204
980031205
980031206
980031207
980031208
980031209
980031300
980031400
980032000
980032001
980032002
980032003
980032004
980032005
980032006
980032007
980032008
980032009
980032100
980032101
980032102
980032103
980032104
980032105
980032106
980032107
980032108
980032109
980032200
980032201
980032202
980032203
980032204
980032205
980032206
980032207
980032208
980032209
980032300
980032400
980033000
980033001
980033002
980033003
980033004
980033005
980033006
980033007
980033008
980033009
980033100
980033101
980033102
980033103
980033104
980033105
980033106
980033107
980033108
980033109
980033200
980033201
980033202
980033203
980033204
980033205
980033206
980033207
980033208
980033209
980033300
980033400
990000000
990000100
990000200
990000300
990000301
990000400
990000401
990000410
990000420
990000430
990000431
990000440
990000500
990000501
990000502
990000600
990000610
990000611
990000620
990000630
990000631
990000640
990000641
990000700
990000800
990000900
990001000
990001100
990001101
