8
12
1000
1001
1002
1003
1004
1005
1006
1007
1009
1010
1011
1013
1014
1015
1016
1017
1020
9000
9001
9002
1000000
1000001
1000002
1001003
1001004
1001005
1100000
1100001
1100002
1100003
1101004
1101005
1101006
1101007
1110000
1110001
1111002
1111003
1111004
1111005
1111006
1111007
1111008
1120003
1120004
1120005
1121000
1121001
1121002
1121006
1121008
1121010
1121011
1200000
1200001
1200002
1200003
1201004
1201005
1201006
1201007
1210000
1210001
1211002
1211003
1211004
1211005
1211006
1211007
1211008
1211009
1220005
1220006
1220010
1221000
1221001
1221002
1221003
1221004
1221007
1221009
1221011
1221012
1300000
1300001
1300002
1300003
1301004
1301005
1301006
1301007
1310000
1311001
1311002
1311003
1311004
1311005
1311006
1311007
1311008
1320005
1320006
1320008
1320009
1321000
1321001
1321002
1321003
1321007
1321010
2000000
2000001
2001002
2001003
2001004
2001005
2100000
2101001
2101002
2101003
2101004
2101005
2110000
2110001
2111002
2111003
2111004
2111005
2111006
2121000
2121001
2121002
2121003
2121004
2121005
2121006
2121007
2121008
2200000
2201001
2201002
2201003
2201004
2201005
2210000
2210001
2211002
2211003
2211004
2211005
2211006
2221000
2221001
2221002
2221003
2221004
2221005
2221006
2221007
2221008
2300000
2301001
2301002
2301003
2301004
2301005
2310000
2311001
2311002
2311003
2311004
2311005
2311006
2321000
2321001
2321002
2321003
2321004
2321005
2321006
2321007
2321008
2321009
3000000
3000001
3000002
3001003
3001004
3001005
3100000
3100001
3101002
3101003
3101004
3101005
3110000
3110001
3111002
3111003
3111004
3111005
3111006
3120005
3121000
3121002
3121003
3121004
3121006
3121007
3121008
3121009
3200000
3200001
3201002
3201003
3201004
3201005
3210000
3210001
3211002
3211003
3211004
3211005
3211006
3220004
3221000
3221001
3221002
3221003
3221005
3221006
3221007
3221008
4000000
4000001
4001002
4001003
4001334
4001344
4100000
4100001
4100002
4101003
4101004
4101005
4110000
4111001
4111002
4111003
4111004
4111005
4111006
4120002
4120005
4121000
4121003
4121004
4121006
4121007
4121008
4121009
4200000
4200001
4201002
4201003
4201004
4201005
4210000
4211001
4211002
4211003
4211004
4211005
4211006
4220002
4220005
4221000
4221001
4221003
4221004
4221006
4221007
4221008
5000000
5001001
5001002
5001003
5001005
5100000
5100001
5101002
5101003
5101004
5101005
5101006
5101007
5110000
5110001
5111002
5111004
5111005
5111006
5121000
5121001
5121002
5121003
5121004
5121005
5121007
5121008
5121009
5121010
5200000
5201001
5201002
5201003
5201004
5201005
5201006
5210000
5211001
5211002
5211004
5211005
5211006
5220001
5220002
5220011
5221000
5221003
5221004
5221006
5221007
5221008
5221009
5221010
8001000
8001001
9001000
9001001
9001002
9001003
9001004
9001005
9001006
9001007
9001008
9001009
10000012
10000018
10001000
10001001
10001002
10001003
10001004
10001005
10001006
10001007
10001009
10001010
10001011
10001013
10001014
10001015
10001016
10001017
10001019
10001020
10009000
10009001
10009002
11000000
11001001
11001002
11001003
11001004
11100000
11101001
11101002
11101003
11101004
11101005
11110000
11110005
11111001
11111002
11111003
11111004
11111006
11111007
12000000
12001001
12001002
12001003
12001004
12101000
12101001
12101002
12101003
12101004
12101005
12101006
12110000
12110001
12111002
12111003
12111004
12111005
12111006
13000000
13000001
13001002
13001003
13001004
13100000
13100004
13101001
13101002
13101003
13101005
13101006
13110003
13111000
13111001
13111002
13111004
13111005
13111006
13111007
14000000
14000001
14001002
14001003
14001004
14001005
14100000
14100001
14100005
14101002
14101003
14101004
14101006
14110003
14110004
14111000
14111001
14111002
14111005
14111006
15000000
15001001
15001002
15001003
15001004
15100000
15100001
15100004
15101002
15101003
15101005
15101006
15110000
15111001
15111002
15111003
15111004
15111005
15111006
15111007
20000012
20000014
20000015
20000016
20000017
20000018
20000024
20001000
20001001
20001002
20001003
20001004
20001005
20001006
20001007
20001009
20001010
20001011
20001013
20001019
20001020
20009000
20009001
20009002
21000000
21000002
21001001
21001003
21100000
21100001
21100002
21100004
21100005
21101003
21110000
21110002
21110003
21110004
21110006
21110007
21110008
21111001
21111005
21120001
21120002
21120004
21120005
21120006
21120007
21120009
21120010
21121000
21121003
21121008
