2000
2001
2002
2003
2004
2005
2006
2007
2100
2101
2102
2103
10000
10200
10201
10202
10203
10204
11000
11100
12000
12100
12101
20000
20001
20002
20100
21000
22000
1001000
1001001
1001100
1002000
1002001
1002002
1002003
1002004
1002005
1002006
1002007
1002100
1002101
1002102
1002103
1002104
1010100
1011000
1011001
1011100
1012000
1012001
1012002
1012003
1012004
1012005
1012006
1012007
1012008
1012009
1012100
1012101
1012102
1012103
1012104
1012105
1012106
1012107
1012108
1012109
1012110
1012111
1012112
1012113
1012114
1012115
1012116
1012117
1012118
1012119
1020000
1021000
1021001
1021100
1022000
1022001
1022002
1022003
1022004
1022005
1022006
1022007
1022008
1022100
1022101
1022102
1022103
1022104
1022105
1031000
1031001
1031100
1032000
1032001
1032002
1032003
1032004
1032005
1032006
1032007
1032008
1032009
1032100
1032101
1032102
1032103
1032104
1032105
1032106
1032107
1032108
1032109
1032110
1032111
1032112
1032113
1032114
1040000
1040001
1040002
1043000
1043001
1051000
1051001
1051002
1052000
1052001
1052002
1052003
1052004
1052005
1052006
1052007
1052008
1052009
1052010
1052011
1052012
1052013
1052014
1052015
1052016
1052017
1052100
1052101
1052102
1052103
1052104
1052105
1052106
1052107
1052108
1052109
1052110
1052111
1052112
1052113
1052114
1052115
1061000
1061001
1061002
1061003
1061004
1061005
1061006
1061007
1061008
1061009
1061010
1061011
1061012
1061013
1061014
1061015
1061016
1061017
1061018
1061019
1061100
1063000
1063001
1063002
1063003
1063004
1063005
1063006
1063007
1063008
1063009
1063010
1063011
1063012
1063013
1063014
1063015
1063016
1063017
1072000
1072001
1072002
1072003
1072004
1072005
1072006
1072007
1072008
1081000
1081001
1081100
1081101
1081102
1090000
1091000
1091001
1091002
1091003
1091004
1092000
1092001
1092002
1092003
1092004
1092006
1092007
1092008
1092009
1092010
1092011
1092012
1092013
1092014
1092015
1092016
1092017
1092018
1092019
1092090
1092091
1092092
1092093
1092094
1092095
1092097
1093000
1094000
1094001
1094002
1094003
1094004
1094005
1094006
1095000
1095001
1095002
1100000
1100001
1100002
1100003
1100004
1100005
1100006
1100007
1100008
1101000
1101001
1101002
1101003
1101004
1101005
1101006
1101007
1101008
1102000
1102001
1102002
1102003
1102004
1102005
1102006
1102007
1102008
1102009
1103000
1103001
1103002
1103003
1103004
1103005
1104000
1104001
1104002
1104100
1104101
1104102
1104103
1104104
1104200
1104201
1104202
1104203
1104204
1104205
1104206
1104207
1104208
1200000
1200001
1200002
1200003
1200004
1200005
1200006
1201000
1201001
1201002
1202000
1202001
1202002
1202003
1202004
1202005
1202006
1202007
1202008
1202009
1202010
1203000
1203001
1204000
1204001
1204002
1204003
1204004
1204005
1204006
1204007
1204010
1204020
1204030
1204031
1204032
1204033
1209000
1209001
1209002
1209003
1209004
1209005
1209006
1209007
1300000
1300001
1300002
1300003
1300004
1300005
1300006
1300007
1300008
1300009
1300010
1300011
1300012
1300013
1300014
1301000
2001000
2001001
2001002
2001003
2001004
2001005
2002000
2002001
2002002
2010000
2010001
2010002
2010003
2010004
2010005
2010006
2010007
2010008
2010009
2012000
2012001
2012002
2012003
2012004
2012005
2012006
2012007
2012008
2012009
2012010
2012011
2012012
2012013
2012014
2012015
2012016
2012017
2012018
2012019
2012020
2012021
2012022
2012023
2012024
2012025
2012026
2012027
2012028
2012029
2012030
2012031
2012032
2012033
2013000
2013001
2013002
2020000
2020001
2020002
2020003
2020004
2020005
2020006
2020007
2020008
2020009
2020010
2020011
2020012
2020013
2022000
2022001
2022002
2022003
2022004
2023000
2030000
2030001
2030002
2030003
2030004
2030005
2030006
2030007
2030008
2030009
2030010
2030011
2030012
2030013
2030014
2032000
2032001
2032002
2032003
2032004
2040000
2040001
2040002
2040003
2040004
2040005
2040006
2040007
2040008
2040009
2040010
2040011
2040012
2040013
2040014
2040015
2040016
2040017
2040018
2040019
2040020
2040021
2040022
2040023
2040024
2040025
2040026
2040027
2040028
2040029
2040030
2040031
2040032
2040033
2040034
2040035
2040036
2040037
2040038
2040039
2040040
2040041
2040042
2040043
2040044
2040045
2040046
2040047
2040048
2040049
2040050
2040051
2040052
2041000
2041001
2041002
2041003
2041004
2041005
2041006
2041007
2041008
2041009
2041010
2041011
2041012
2041013
2041014
2041015
2041016
2041017
2041018
2041019
2041020
2041021
2041022
2041023
2041024
2041025
2041026
2041027
2041028
2041029
2042000
2042001
2042002
2042003
2042004
2042005
2042006
2042007
2042008
2042009
2043000
2050000
2050001
2050002
2050003
2050004
2050005
2050006
2050007
2050008
2050009
2050010
2050011
2050012
2050013
2050014
2050015
2050016
2050017
2050018
2050019
2050020
2051000
2051001
2060000
2060001
2060002
2060003
2060004
2060005
2060006
2060007
2060008
2060009
2060100
2060101
2060102
2070000
2070001
2070002
2070003
2071000
2071001
2071002
2071003
2071004
2071005
2071006
2071007
2071008
2071009
2071010
2071011
2071012
2071013
2071014
2071015
2072000
2072001
2073000
2080000
2080001
2080002
2080003
2080004
2080005
2080006
2081000
2081001
2081002
2081003
2081004
2081005
2081006
2081007
2081008
2081009
2081010
2081011
2081012
2081013
2081014
2081100
2081200
2081300
2081400
2081500
2082000
2082001
2082002
2082003
2083000
2083001
2083002
2083003
2083004
2083005
2084000
2084001
2084002
2084003
2084004
2084005
2084006
2084007
2084008
2084009
2084010
2090000
2090001
2090002
2090003
2090004
2090005
2090006
2090100
2090101
2090102
2090103
2090104
2091000
2091001
2091002
2091003
2091004
2091005
2091006
2091007
2091008
2091009
2092000
2092001
2093000
2093001
2093002
2093003
2093004
2094000
2094001
2094002
2095000
2096000
2100000
2100001
2100002
2100003
2100004
2100005
2100006
2100007
2100008
2100009
2101000
2101001
2101002
2101003
2101004
2101005
2101006
2101007
2101008
2101009
2101010
2101011
2101012
2101013
2101014
2101015
2101016
2101017
2101018
2102000
2102001
2102002
2103000
2103001
2103002
2103003
2103004
2103005
2103006
2103007
2103008
2103009
2103010
2103011
2103012
2103013
2110000
2110001
2110002
2110003
2110004
2110005
2111000
2111001
2111002
2111003
2111004
2111005
2111006
2111007
2111008
2111009
2111010
2111011
2111012
2111013
2111014
2111015
2111016
2111017
2111018
2111019
2111020
2111021
2111022
2111023
2111024
2111025
2111026
2112000
2112001
2112002
2112003
2112004
2112005
2112006
2112007
2112008
2112009
2112010
2112011
2112012
2112013
2112014
2112015
2112016
2112017
2112018
2120000
2120001
2120002
2120003
2120004
2120005
2120006
2120007
2120008
2120009
2121000
2121001
2121002
2121003
2121004
2121005
2121006
2121007
2121008
2121009
2121010
2121011
2121012
2130000
2131000
2131001
2131002
2131003
2131004
2131005
2131006
2131007
2132000
2132001
2132002
2132003
2133000
2133001
2133002
2133003
2133004
2140000
2140001
2140002
2140003
2141000
2141001
2141002
9000000
9000001
9000002
9000003
9000004
9000005
9000006
9000007
9000008
9000009
9000010
9000011
9000012
9000013
9000014
9000015
9000017
9000018
9000019
9000020
9000021
9000022
9000023
9000024
9000025
9000026
9000027
9000028
9000029
9000030
9000031
9000032
9000033
9000034
9000035
9000036
9000037
9000038
9000039
9000040
9000041
9000042
9000043
9000044
9000045
9000046
9000047
9000048
9000049
9000050
9000051
9000052
9000053
9000054
9000055
9000056
9000057
9000058
9000059
9000060
9000061
9000062
9000063
9000064
9000065
9000066
9000067
9000068
9000069
9001000
9001001
9001002
9001003
9001004
9001005
9001006
9001008
9001009
9001100
9001101
9001102
9001103
9001104
9001105
9001106
9001107
9001108
9010000
9010001
9010002
9010003
9010004
9010005
9010006
9010007
9010008
9010009
9010010
9010011
9010012
9010013
9010014
9010015
9010016
9010017
9010018
9010019
9010020
9020000
9020001
9020002
9030000
9030100
9040000
9040001
9040002
9040003
9040004
9040005
9040006
9040007
9040008
9040009
9040010
9040011
9040012
9050000
9050001
9050002
9050003
9050004
9050005
9050006
9050007
9050008
9050009
9050010
9060000
9090000
9100000
9100001
9100002
9100003
9100004
9100100
9100101
9100102
9100103
9100104
9100105
9100106
9100107
9100108
9100109
9100111
9100112
9100200
9100201
9100202
9100203
9100204
9100205
9101001
9101002
9101003
9102001
9102100
9102101
9105002
9105003
9105004
9105005
9105006
9110000
9110001
9110002
9110003
9110004
9110005
9110006
9110007
9110008
9110009
9110010
9110011
9110012
9110013
9110014
9110015
9110016
9110017
9110100
9110101
9110102
9110103
9110104
9110105
9110106
9110107
9110108
9110109
9110110
9110111
9110112
9110113
9110114
9120000
9120001
9120002
9120003
9120004
9120005
9120006
9120007
9120008
9120009
9120010
9120011
9120012
9120013
9120014
9120015
9120016
9120017
9120018
9120019
9120020
9120021
9120022
9120023
9120024
9120054
9120055
9120100
9120101
9120102
9120103
9120104
9120106
9200001
9201000
9201002
9201004
9201005
9201006
9201007
9201013
9201014
9201020
9201021
9201022
9201023
9201029
9201030
9201034
9201035
9201036
9201037
9201050
9201051
9201052
9201053
9201054
9201055
9201057
9201058
9201059
9201060
9201061
9201062
9201063
9201064
9201065
9201068
9201069
9201070
9201071
9201072
9201073
9201075
9201076
9201077
9201078
9201079
9201080
9201081
9201096
9201103
9201104
9201105
9201107
9201108
9201109
9201110
9201111
9201112
9201113
9201114
9201115
9201118
9201119
9201120
9201121
9201122
9201123
9201124
9201125
9201126
9201127
9201128
9201129
9201130
9201131
9201132
9201133
9209000
9209001
9209002
9209003
9209004
9209005
9209006
9209007
9209008
9209100
9209101
9209103
9220004
9220005
9220006
9220016
9220018
9220019
9220020
9250000
9250001
9250003
9250004
9250005
9250006
9250007
9250008
9250009
9250010
9250011
9250012
9250013
9250014
9250016
9250022
9250023
9250024
9250025
9250026
9250027
9250028
9250029
9250042
9250043
9250044
9250045
9250046
9250052
9270001
9270002
9270003
9270004
9270005
9270006
9270007
9270008
9270009
9270010
9270011
9270012
9270013
9270014
9270015
9270016
9270017
9270018
9270019
9270020
9270021
9270022
9270023
9270024
9270025
9270026
9270027
9270028
9270029
9270030
9270031
9270032
9270033
9270034
9270035
9270036
9270037
9270038
9270039
9270040
9270041
9270042
9270043
9270044
9270045
9270046
9270047
9270048
9270049
9270050
9270051
9270052
9270053
9270054
9270055
9270056
9270057
9270058
9270059
9270060
9270061
9270062
9270063
9270064
9270065
9270066
9300000
9300001
9300002
9300003
9300004
9300005
9300006
9300007
9300008
9300009
9300010
9300011
9300012
9300013
9300014
9300015
9310000
9310001
9310002
9310003
9310004
9310005
9310006
9310007
9310008
9310009
9310010
9310011
9310012
9310013
9310014
9310015
9310016
9310017
9310018
9310019
9310021
9310022
9310023
9310024
9310025
9310026
9310027
9310028
9310029
9310030
9310031
9310032
9310033
9310034
9310035
9310036
9310037
9310038
9310039
9310040
9310041
9310042
9310043
9310044
9310045
9310046
9310047
9310048
9310049
9310050
9310051
9310052
9310053
9310054
9310055
9310056
9310057
9310058
9310059
9310060
9310061
9310062
9310063
9310064
9310065
9310066
9310067
9310068
9310069
9310070
9310071
9310072
9310073
9310074
9310075
9310076
9310077
9310078
9310079
9310080
9310081
9310082
9310083
9310084
9310085
9310086
9310087
9310088
9310089
9310090
9310091
9310092
9310093
9310094
9310095
9310096
9310097
9310098
9310099
9310100
9310101
9310102
9330000
9330001
9330002
9330003
9330004
9330005
9330006
9330007
9330008
9330009
9330010
9330011
9330012
9330013
9330014
9330015
9330016
9330017
9330018
9330019
9330020
9330021
9330022
9330023
9330024
9330025
9330026
9330027
9330028
9330029
9330030
9330031
9330032
9330042
9330044
9330045
9330046
9330047
9330065
9330066
9330067
9330076
9330078
9330079
9330081
9330083
9330084
9330087
9330090
9330091
9330092
9900000
9900001
9900002
9900003
9900004
9900005
9900006
9900007
9901000
9901001
9901002
9901003
9901004
9901005
9901006
9901007
9901008
9901009
9901010
9901011
9901012
9901013
9901014
9901015
9901016
9901017
9901018
9901019
9901100
9901101
9901102
9901103
9901104
9901105
9901106
9901107
9901108
9901109
9901110
9901111
9901112
9901113
9901114
9901115
9901116
9901117
9901118
9901119
9901200
9901201
9901202
9901203
9901204
9901205
9901206
9901207
9901208
9901209
9901210
9901211
9901212
9901213
9901214
9901215
9901216
9901217
9901218
9901219
9901300
9901301
9901302
9901303
9901304
9901305
9901306
9901307
9901308
9901309
9901310
9901311
9901312
9901313
9901314
9901315
9901316
9901317
9901318
9901319
9901500
9901501
9901502
9901503
9901504
9901505
9901506
9901507
9901508
9901509
9901510
9901511
9901512
9901513
9901514
9901515
9901516
9901517
9901518
9901519
9901520
9901521
9901522
9901523
9901524
9901525
9901526
9901527
9901528
9901529
9901530
9901531
9901532
9901533
9901534
9901535
9901536
9901537
9901538
9901539
9901540
9901541
9901542
9901543
9901544
9901545
9901546
9901547
9901548
9901549
9901550
9901551
9901600
9901601
9901602
9901603
9901604
9901605
9901606
9901607
9901608
9901609
9901610
9901611
9901612
9901613
9901614
9901615
9901616
